# MeV/fm^3               MeV/fm^3
# energy_density         pressure
1.5015805021e-04 7.8875646935e-08
1.5058858964e+00 3.5617068486e-04
3.0123336762e+00 8.6976205523e-04
4.5189389832e+00 9.4615174581e-04
6.0254901951e+00 5.1123940531e-04
7.5318645280e+00 -4.8820970702e-04
9.0379805931e+00 -2.0864633616e-03
1.0543779140e+01 -4.3052734119e-03
1.2049215909e+01 -7.1542926019e-03
1.3554256988e+01 -1.0636439882e-02
1.5058875990e+01 -1.4749636869e-02
1.6563052231e+01 -1.9487914450e-02
1.8066769485e+01 -2.4842160305e-02
1.9570015111e+01 -3.0800642018e-02
2.1072779404e+01 -3.7349383552e-02
2.2575055120e+01 -4.4472442228e-02
2.4076837107e+01 -5.2152115962e-02
2.5578122013e+01 -6.0369100415e-02
2.7078908061e+01 -6.9102609069e-02
2.8579194868e+01 -7.8330465480e-02
3.0078983292e+01 -8.8029174321e-02
3.1578275314e+01 -9.8173975604e-02
3.3077073934e+01 -1.0873888581e-01
3.4575383086e+01 -1.1969672839e-01
3.6073207573e+01 -1.3101915564e-01
3.7570553000e+01 -1.4267666341e-01
3.9067425727e+01 -1.5463859981e-01
4.0563832827e+01 -1.6687316888e-01
4.2059782048e+01 -1.7934742995e-01
4.3555281781e+01 -1.9202729320e-01
4.5050341032e+01 -2.0487751184e-01
4.6544969403e+01 -2.1786167165e-01
4.8039177070e+01 -2.3094217732e-01
4.9532974765e+01 -2.4408023699e-01
5.1026373765e+01 -2.5723584440e-01
5.2519385877e+01 -2.7036775879e-01
5.4012023429e+01 -2.8343348319e-01
5.5504299265e+01 -2.9638924055e-01
5.6996226733e+01 -3.0918994869e-01
5.8487819681e+01 -3.2178919329e-01
5.9979092458e+01 -3.3413919912e-01
6.1470059904e+01 -3.4619079983e-01
6.2960737352e+01 -3.5789340678e-01
6.4451140627e+01 -3.6919497528e-01
6.5941286046e+01 -3.8004197011e-01
6.7431190417e+01 -3.9037932996e-01
6.8920871042e+01 -4.0015042876e-01
7.0410345719e+01 -4.0929703744e-01
7.1899632746e+01 -4.1775928309e-01
7.3388750921e+01 -4.2547560642e-01
7.4877719550e+01 -4.3238271863e-01
7.6366558450e+01 -4.3841555595e-01
7.7855287954e+01 -4.4350723293e-01
7.9343928917e+01 -4.4758899376e-01
8.0832502723e+01 -4.5059016252e-01
8.2321031288e+01 -4.5243809124e-01
8.3809537073e+01 -4.5305810645e-01
8.5298043088e+01 -4.5237345394e-01
8.6786572901e+01 -4.5030524181e-01
8.8275150644e+01 -4.4677238116e-01
8.9763801026e+01 -4.4169152549e-01
9.1252549341e+01 -4.3497700889e-01
9.2741421477e+01 -4.2654077971e-01
9.4230443925e+01 -4.1629233388e-01
9.5719643794e+01 -4.0413864736e-01
9.7209048816e+01 -3.8998410364e-01
9.8698687365e+01 -3.7373042077e-01
1.0018858846e+02 -3.5527657533e-01
1.0167878179e+02 -3.3451872480e-01
1.0316929771e+02 -3.1135012663e-01
1.0466016726e+02 -2.8566105500e-01
1.0615142220e+02 -2.5733871529e-01
1.0764309500e+02 -2.2626715508e-01
1.0913521884e+02 -1.9232717390e-01
1.1062782767e+02 -1.5539622812e-01
1.1212095620e+02 -1.1534833424e-01
1.1361463991e+02 -7.2053968437e-02
1.1510891507e+02 -2.5379963505e-02
1.1660381877e+02 2.4810597503e-02
1.1809938892e+02 7.8658492017e-02
1.1959566429e+02 1.3630847097e-01
1.2109268450e+02 1.9790937604e-01
1.2259049008e+02 2.6361425968e-01
1.2408912242e+02 3.3358051117e-01
1.2558862389e+02 4.0796998400e-01
1.2708903776e+02 4.8694912873e-01
1.2859040829e+02 5.7068913048e-01
1.3009278073e+02 6.5936604946e-01
1.3159620132e+02 7.5316096752e-01
1.3310071737e+02 8.5226013817e-01
1.3460637722e+02 9.5685514192e-01
1.3611323030e+02 1.0671430457e+00
1.3762132717e+02 1.1833265703e+00
1.3913071950e+02 1.3056142599e+00
1.4064146014e+02 1.4342206574e+00
1.4215360312e+02 1.5693664882e+00
1.4366720369e+02 1.7112788469e+00
1.4518231836e+02 1.8601913918e+00
1.4669900490e+02 2.0163445451e+00
1.4821732240e+02 2.1799856984e+00
1.4973733129e+02 2.3513694287e+00
1.5125909338e+02 2.5307577165e+00
1.5278267187e+02 2.7184201733e+00
1.5430813141e+02 2.9146342804e+00
1.5583553814e+02 3.1196856274e+00
1.5736495971e+02 3.3338681641e+00
1.5889646529e+02 3.5574844616e+00
1.6043012568e+02 3.7908459778e+00
1.6196601330e+02 4.0342733340e+00
1.6350420222e+02 4.2880966016e+00
1.6504476826e+02 4.5526555961e+00
1.6658778895e+02 4.8283001828e+00
1.6813334366e+02 5.1153905914e+00
1.6968151359e+02 5.4142977403e+00
1.7123238183e+02 5.7254035739e+00
1.7278603343e+02 6.0491014129e+00
1.7434255539e+02 6.3857963096e+00
1.7590203681e+02 6.7359054183e+00
1.7746456884e+02 7.0998548023e+00
1.7903024473e+02 7.4769494192e+00
1.8059914090e+02 7.8664927005e+00
1.8217133601e+02 8.2696999575e+00
1.8374692402e+02 8.6877706667e+00
1.8532600056e+02 9.1211011539e+00
1.8690866295e+02 9.5700919285e+00
1.8849501018e+02 1.0035147105e+01
1.9008514293e+02 1.0516673745e+01
1.9167916348e+02 1.1015081111e+01
1.9327717577e+02 1.1530779828e+01
1.9487928529e+02 1.2064180955e+01
1.9648559912e+02 1.2615694940e+01
1.9809622581e+02 1.3185730460e+01
1.9971127538e+02 1.3774693153e+01
2.0133085925e+02 1.4382984208e+01
2.0295509014e+02 1.5010998820e+01
2.0458408204e+02 1.5659124507e+01
2.0621795005e+02 1.6327739279e+01
2.0785681036e+02 1.7017209637e+01
2.0950078007e+02 1.7727888421e+01
2.1114997709e+02 1.8460112495e+01
2.1280451999e+02 1.9214200253e+01
2.1446452787e+02 1.9990448962e+01
2.1613012015e+02 2.0789131940e+01
2.1780141640e+02 2.1610495557e+01
2.1947853616e+02 2.2454756090e+01
2.2116159869e+02 2.3322096430e+01
2.2285072274e+02 2.4212662645e+01
2.2454602631e+02 2.5126560435e+01
2.2624762637e+02 2.6063851488e+01
2.2795563858e+02 2.7024549785e+01
2.2967017694e+02 2.8008617859e+01
2.3139135355e+02 2.9015963070e+01
2.3311927820e+02 3.0046433945e+01
2.3485405802e+02 3.1099816611e+01
2.3659579716e+02 3.2175831409e+01
2.3834459639e+02 3.3274129723e+01
2.4010055266e+02 3.4394291134e+01
2.4186375880e+02 3.5535820933e+01
2.4363430303e+02 3.6698148077e+01
2.4541226860e+02 3.7880623695e+01
2.4719773340e+02 3.9082520183e+01
2.4899076954e+02 4.0303030991e+01
2.5079144298e+02 4.1541271160e+01
2.5259981317e+02 4.2796278660e+01
2.5441593268e+02 4.4067016609e+01
2.5623984692e+02 4.5352376378e+01
2.5807159378e+02 4.6651181624e+01
2.5991120345e+02 4.7962193251e+01
2.6175869813e+02 4.9284115266e+01
2.6361409189e+02 5.0615601507e+01
2.6547739053e+02 5.1955263181e+01
2.6734859150e+02 5.3301677085e+01
2.6922768388e+02 5.4653394481e+01
2.7111464837e+02 5.6008950415e+01
2.7300945740e+02 5.7366873381e+01
2.7491207528e+02 5.8725695179e+01
2.7682245832e+02 6.0083960781e+01
2.7874055514e+02 6.1440238045e+01
2.8066630692e+02 6.2793127123e+01
2.8259964774e+02 6.4141269397e+01
2.8454050496e+02 6.5483355803e+01
2.8648879960e+02 6.6818134422e+01
2.8844444683e+02 6.8144417208e+01
2.9040735639e+02 6.9461085811e+01
2.9237743312e+02 7.0767096394e+01
2.9435457740e+02 7.2061483447e+01
2.9633868570e+02 7.3343362567e+01
2.9832965105e+02 7.4611932231e+01
3.0032736360e+02 7.5866474602e+01
3.0233171104e+02 7.7106355394e+01
3.0434257912e+02 7.8331022939e+01
3.0635985210e+02 7.9540006442e+01
3.0838341322e+02 8.0732913587e+01
3.1041314507e+02 8.1909427577e+01
3.1244893000e+02 8.3069303662e+01
3.1449065053e+02 8.4212365313e+01
3.1653818961e+02 8.5338500098e+01
3.1859143099e+02 8.6447655341e+01
3.2065025947e+02 8.7539833673e+01
3.2271456117e+02 8.8615088524e+01
3.2478422373e+02 8.9673519620e+01
3.2685913653e+02 9.0715268570e+01
3.2893919087e+02 9.1740514536e+01
3.3102428007e+02 9.2749470085e+01
3.3311429966e+02 9.3742377187e+01
3.3520914741e+02 9.4719503458e+01
3.3730872348e+02 9.5681138597e+01
3.3941293044e+02 9.6627591042e+01
3.4152167334e+02 9.7559184908e+01
3.4363485974e+02 9.8476257129e+01
3.4575239971e+02 9.9379154827e+01
3.4787420587e+02 1.0026823293e+02
3.5000019333e+02 1.0114385202e+02
3.5213027976e+02 1.0200637638e+02
3.5426438529e+02 1.0285617222e+02
3.5640243251e+02 1.0369360615e+02
3.5854434645e+02 1.0451904378e+02
3.6069005452e+02 1.0533284850e+02
3.6283948644e+02 1.0613538044e+02
3.6499257426e+02 1.0692699553e+02
3.6714925224e+02 1.0770804471e+02
3.6930945682e+02 1.0847887327e+02
3.7147312658e+02 1.0923982025e+02
3.7364020214e+02 1.0999121802e+02
3.7581062616e+02 1.1073339187e+02
3.7798434322e+02 1.1146665966e+02
3.8016129981e+02 1.1219133169e+02
3.8234144423e+02 1.1290771041e+02
3.8452472657e+02 1.1361609038e+02
3.8671109861e+02 1.1431675816e+02
3.8890051380e+02 1.1500999232e+02
3.9109292720e+02 1.1569606338e+02
3.9328829538e+02 1.1637523390e+02
3.9548657642e+02 1.1704775855e+02
3.9768772984e+02 1.1771388417e+02
3.9989171654e+02 1.1837384989e+02
4.0209849875e+02 1.1902788730e+02
4.0430803998e+02 1.1967622049e+02
4.0652030499e+02 1.2031906630e+02
4.0873525973e+02 1.2095663447e+02
4.1095287129e+02 1.2158912772e+02
4.1317310788e+02 1.2221674206e+02
4.1539593875e+02 1.2283966684e+02
4.1762133419e+02 1.2345808499e+02
4.1984926547e+02 1.2407217324e+02
4.2207970481e+02 1.2468210222e+02
4.2431262534e+02 1.2528803670e+02
4.2654800107e+02 1.2589013575e+02
4.2878580683e+02 1.2648855291e+02
4.3102601829e+02 1.2708343641e+02
4.3326861190e+02 1.2767492928e+02
4.3551356483e+02 1.2826316956e+02
4.3776085501e+02 1.2884829047e+02
4.4001046103e+02 1.2943042056e+02
4.4226236218e+02 1.3000968387e+02
4.4451653836e+02 1.3058620009e+02
4.4677297013e+02 1.3116008473e+02
4.4903163859e+02 1.3173144922e+02
4.5129252547e+02 1.3230040109e+02
4.5355561302e+02 1.3286704411e+02
4.5582088402e+02 1.3343147840e+02
4.5808832176e+02 1.3399380060e+02
4.6035791004e+02 1.3455410394e+02
4.6262963311e+02 1.3511247840e+02
4.6490347570e+02 1.3566901083e+02
4.6717942296e+02 1.3622378507e+02
4.6945746046e+02 1.3677688202e+02
4.7173757420e+02 1.3732837975e+02
4.7401975055e+02 1.3787835367e+02
4.7630397626e+02 1.3842687656e+02
4.7859023846e+02 1.3897401868e+02
4.8087852462e+02 1.3951984788e+02
4.8316882255e+02 1.4006442966e+02
4.8546112039e+02 1.4060782728e+02
4.8775540657e+02 1.4115010183e+02
4.9005166987e+02 1.4169131233e+02
4.9234989932e+02 1.4223151575e+02
4.9465008426e+02 1.4277076716e+02
4.9695221428e+02 1.4330911975e+02
4.9925627925e+02 1.4384662487e+02
5.0156226929e+02 1.4438333218e+02
5.0387017476e+02 1.4491928966e+02
5.0617998626e+02 1.4545454365e+02
5.0849169461e+02 1.4598913895e+02
5.1080529087e+02 1.4652311888e+02
5.1312076630e+02 1.4705652528e+02
5.1543811235e+02 1.4758939861e+02
5.1775732070e+02 1.4812177799e+02
5.2007838320e+02 1.4865370120e+02
5.2240129190e+02 1.4918520486e+02
5.2472603901e+02 1.4971632430e+02
5.2705261694e+02 1.5024709369e+02
5.2938101824e+02 1.5077754614e+02
5.3171123565e+02 1.5130771361e+02
5.3404326204e+02 1.5183762703e+02
5.3637709046e+02 1.5236731633e+02
5.3871271407e+02 1.5289681047e+02
5.4105012621e+02 1.5342613745e+02
5.4338932033e+02 1.5395532437e+02
5.4573029004e+02 1.5448439745e+02
5.4807302906e+02 1.5501338209e+02
5.5041753122e+02 1.5554230280e+02
5.5276379052e+02 1.5607118337e+02
5.5511180102e+02 1.5660004680e+02
5.5746155694e+02 1.5712891535e+02
5.5981305259e+02 1.5765781057e+02
5.6216628237e+02 1.5818675331e+02
5.6452124083e+02 1.5871576378e+02
5.6687792257e+02 1.5924486152e+02
5.6923632231e+02 1.5977406545e+02
5.7159643488e+02 1.6030339392e+02
5.7395825517e+02 1.6083286465e+02
5.7632177818e+02 1.6136249483e+02
5.7868699900e+02 1.6189230110e+02
5.8105391278e+02 1.6242229957e+02
5.8342251477e+02 1.6295250583e+02
5.8579280030e+02 1.6348293500e+02
5.8816476476e+02 1.6401360171e+02
5.9053840364e+02 1.6454452014e+02
5.9291371248e+02 1.6507570401e+02
5.9529068689e+02 1.6560716661e+02
5.9766932258e+02 1.6613892083e+02
6.0004961528e+02 1.6667097912e+02
6.0243156082e+02 1.6720335356e+02
6.0481515507e+02 1.6773605588e+02
6.0720039399e+02 1.6826909739e+02
6.0958727356e+02 1.6880248906e+02
6.1197578984e+02 1.6933624153e+02
6.1436593896e+02 1.6987036510e+02
6.1675771707e+02 1.7040486977e+02
6.1915112040e+02 1.7093976516e+02
6.2154614523e+02 1.7147506064e+02
6.2394278788e+02 1.7201076530e+02
6.2634104471e+02 1.7254688789e+02
6.2874091216e+02 1.7308343693e+02
6.3114238668e+02 1.7362042066e+02
6.3354546480e+02 1.7415784704e+02
6.3595014306e+02 1.7469572380e+02
6.3835641808e+02 1.7523405843e+02
6.4076428647e+02 1.7577285816e+02
6.4317374494e+02 1.7631213000e+02
6.4558479021e+02 1.7685188078e+02
6.4799741902e+02 1.7739211703e+02
6.5041162819e+02 1.7793284514e+02
6.5282741455e+02 1.7847407128e+02
6.5524477496e+02 1.7901580140e+02
6.5766370634e+02 1.7955804128e+02
6.6008420563e+02 1.8010079651e+02
6.6250626980e+02 1.8064407251e+02
6.6492989587e+02 1.8118787450e+02
6.6735508086e+02 1.8173220756e+02
6.6978182184e+02 1.8227707658e+02
6.7221011593e+02 1.8282248631e+02
6.7463996025e+02 1.8336844134e+02
6.7707135196e+02 1.8391494609e+02
6.7950428825e+02 1.8446200486e+02
6.8193876633e+02 1.8500962179e+02
6.8437478345e+02 1.8555780090e+02
6.8681233687e+02 1.8610654607e+02
6.8925142389e+02 1.8665586103e+02
6.9169204183e+02 1.8720574940e+02
6.9413418804e+02 1.8775621469e+02
6.9657785989e+02 1.8830726027e+02
6.9902305476e+02 1.8885888941e+02
7.0146977008e+02 1.8941110524e+02
7.0391800329e+02 1.8996391082e+02
7.0636775183e+02 1.9051730907e+02
7.0881901321e+02 1.9107130284e+02
7.1127178492e+02 1.9162589484e+02
7.1372606449e+02 1.9218108772e+02
7.1618184946e+02 1.9273688399e+02
7.1863913740e+02 1.9329328612e+02
7.2109792589e+02 1.9385029647e+02
7.2355821254e+02 1.9440791729e+02
7.2601999497e+02 1.9496615079e+02
7.2848327083e+02 1.9552499905e+02
7.3094803777e+02 1.9608446410e+02
7.3341429347e+02 1.9664454790e+02
7.3588203562e+02 1.9720525230e+02
7.3835126194e+02 1.9776657910e+02
7.4082197016e+02 1.9832853003e+02
7.4329415801e+02 1.9889110674e+02
7.4576782327e+02 1.9945431083e+02
7.4824296370e+02 2.0001814382e+02
7.5071957711e+02 2.0058260714e+02
7.5319766129e+02 2.0114770222e+02
7.5567721408e+02 2.0171343037e+02
7.5815823330e+02 2.0227979289e+02
7.6064071681e+02 2.0284679100e+02
7.6312466247e+02 2.0341442583e+02
7.6561006817e+02 2.0398269853e+02
7.6809693180e+02 2.0455161012e+02
7.7058525126e+02 2.0512116165e+02
7.7307502448e+02 2.0569135404e+02
7.7556624938e+02 2.0626218820e+02
7.7805892391e+02 2.0683366500e+02
7.8055304604e+02 2.0740578526e+02
7.8304861372e+02 2.0797854975e+02
7.8554562495e+02 2.0855195918e+02
7.8804407772e+02 2.0912601425e+02
7.9054397002e+02 2.0970071558e+02
7.9304529990e+02 2.1027606381e+02
7.9554806536e+02 2.1085205947e+02
7.9805226445e+02 2.1142870310e+02
8.0055789522e+02 2.1200599519e+02
8.0306495574e+02 2.1258393618e+02
8.0557344407e+02 2.1316252652e+02
8.0808335830e+02 2.1374176656e+02
8.1059469652e+02 2.1432165667e+02
8.1310745684e+02 2.1490219715e+02
8.1562163737e+02 2.1548338832e+02
8.1813723623e+02 2.1606523042e+02
8.2065425156e+02 2.1664772366e+02
8.2317268149e+02 2.1723086824e+02
8.2569252419e+02 2.1781466437e+02
8.2821377780e+02 2.1839911217e+02
8.3073644052e+02 2.1898421176e+02
8.3326051050e+02 2.1956996320e+02
8.3578598594e+02 2.2015636658e+02
8.3831286505e+02 2.2074342197e+02
8.4084114601e+02 2.2133112933e+02
8.4337082706e+02 2.2191948869e+02
8.4590190641e+02 2.2250850003e+02
8.4843438229e+02 2.2309816328e+02
8.5096825295e+02 2.2368847836e+02
8.5350351662e+02 2.2427944517e+02
8.5604017158e+02 2.2487106365e+02
8.5857821607e+02 2.2546333361e+02
8.6111764837e+02 2.2605625490e+02
8.6365846677e+02 2.2664982741e+02
8.6620066954e+02 2.2724405090e+02
8.6874425499e+02 2.2783892513e+02
8.7128922140e+02 2.2843444997e+02
8.7383556710e+02 2.2903062514e+02
8.7638329040e+02 2.2962745032e+02
8.7893238962e+02 2.3022492531e+02
8.8148286309e+02 2.3082304982e+02
8.8403470916e+02 2.3142182348e+02
8.8658792615e+02 2.3202124606e+02
8.8914251243e+02 2.3262131722e+02
8.9169846635e+02 2.3322203656e+02
8.9425578628e+02 2.3382340372e+02
8.9681447059e+02 2.3442541836e+02
8.9937451766e+02 2.3502808012e+02
9.0193592586e+02 2.3563138856e+02
9.0449869360e+02 2.3623534328e+02
9.0706281926e+02 2.3683994385e+02
9.0962830125e+02 2.3744518989e+02
9.1219513799e+02 2.3805108090e+02
9.1476332787e+02 2.3865761646e+02
9.1733286934e+02 2.3926479611e+02
9.1990376080e+02 2.3987261933e+02
9.2247600070e+02 2.4048108565e+02
9.2504958748e+02 2.4109019462e+02
9.2762451958e+02 2.4169994576e+02
9.3020079545e+02 2.4231033847e+02
9.3277841354e+02 2.4292137227e+02
9.3535737233e+02 2.4353304667e+02
9.3793767027e+02 2.4414536108e+02
9.4051930584e+02 2.4475831497e+02
9.4310227751e+02 2.4537190781e+02
9.4568658378e+02 2.4598613900e+02
9.4827222313e+02 2.4660100803e+02
9.5085919405e+02 2.4721651431e+02
9.5344749505e+02 2.4783265722e+02
9.5603712463e+02 2.4844943619e+02
9.5862808130e+02 2.4906685064e+02
9.6122036357e+02 2.4968490001e+02
9.6381396997e+02 2.5030358361e+02
9.6640889902e+02 2.5092290085e+02
9.6900514925e+02 2.5154285120e+02
9.7160271920e+02 2.5216343393e+02
9.7420160740e+02 2.5278464846e+02
9.7680181240e+02 2.5340649415e+02
9.7940333275e+02 2.5402897038e+02
9.8200616701e+02 2.5465207648e+02
9.8461031374e+02 2.5527581179e+02
9.8721577149e+02 2.5590017571e+02
9.8982253884e+02 2.5652516755e+02
9.9243061436e+02 2.5715078666e+02
9.9503999663e+02 2.5777703237e+02
9.9765068423e+02 2.5840390400e+02
1.0002626757e+03 2.5903140090e+02
1.0028759698e+03 2.5965952240e+02
1.0054905649e+03 2.6028826782e+02
1.0081064597e+03 2.6091763644e+02
1.0107236529e+03 2.6154762758e+02
1.0133421429e+03 2.6217824060e+02
1.0159619285e+03 2.6280947479e+02
1.0185830083e+03 2.6344132944e+02
1.0212053808e+03 2.6407380385e+02
1.0238290447e+03 2.6470689733e+02
1.0264539986e+03 2.6534060920e+02
1.0290802412e+03 2.6597493868e+02
1.0317077711e+03 2.6660988510e+02
1.0343365870e+03 2.6724544784e+02
1.0369666874e+03 2.6788162609e+02
1.0395980710e+03 2.6851841914e+02
1.0422307366e+03 2.6915582632e+02
1.0448646827e+03 2.6979418064e+02
