# MeV/fm^3               MeV/fm^3
# energy_density         pressure
1.5015804553e-04 6.6463414914e-08
1.5054889250e+00 8.3550481097e-05
3.0109946267e+00 -1.2157266794e-04
4.5162117439e+00 -1.1026330852e-03
6.0209672355e+00 -2.9238447149e-03
7.5251583661e+00 -5.6352819358e-03
9.0287164344e+00 -9.2646680928e-03
1.0531592281e+01 -1.3827380342e-02
1.2033749277e+01 -1.9330725771e-02
1.3535159450e+01 -2.5776293508e-02
1.5035801134e+01 -3.3161389165e-02
1.6535657453e+01 -4.1479962606e-02
1.8034715287e+01 -5.0723236066e-02
1.9532964534e+01 -6.0880145040e-02
2.1030397580e+01 -7.1937656592e-02
2.2527008894e+01 -8.3881004609e-02
2.4022794723e+01 -9.6693866745e-02
2.5517752847e+01 -1.1035849941e-01
2.7011882392e+01 -1.2485584194e-01
2.8505183678e+01 -1.4016559733e-01
2.9997658086e+01 -1.5626629540e-01
3.1489307966e+01 -1.7313534193e-01
3.2980136543e+01 -1.9074905676e-01
3.4470147851e+01 -2.0908270332e-01
3.5959346672e+01 -2.2811051077e-01
3.7447738483e+01 -2.4780569061e-01
3.8935329415e+01 -2.6814044792e-01
4.0422126217e+01 -2.8908598889e-01
4.1908136222e+01 -3.1061252489e-01
4.3393367320e+01 -3.3268927322e-01
4.4877827936e+01 -3.5528445560e-01
4.6361527011e+01 -3.7836529422e-01
4.7844473980e+01 -4.0189800595e-01
4.9326678762e+01 -4.2584779462e-01
5.0808151743e+01 -4.5017884165e-01
5.2288903767e+01 -4.7485429564e-01
5.3768946127e+01 -4.9983626016e-01
5.5248290555e+01 -5.2508578043e-01
5.6726949217e+01 -5.5056282910e-01
5.8204934705e+01 -5.7622629115e-01
5.9682260035e+01 -6.0203394673e-01
6.1158938640e+01 -6.2794245443e-01
6.2634984369e+01 -6.5390733300e-01
6.4110411485e+01 -6.7988294181e-01
6.5585234663e+01 -7.0582246163e-01
6.7059468987e+01 -7.3167787306e-01
6.8533129953e+01 -7.5739993572e-01
7.0006233464e+01 -7.8293816562e-01
7.1478795838e+01 -8.0824081221e-01
7.2950833801e+01 -8.3325483471e-01
7.4422364495e+01 -8.5792587698e-01
7.5893405473e+01 -8.8219824349e-01
7.7363974708e+01 -9.0601487251e-01
7.8834090592e+01 -9.2931730903e-01
8.0303771938e+01 -9.5204567827e-01
8.1773037985e+01 -9.7413865754e-01
8.3241908400e+01 -9.9553344674e-01
8.4710403284e+01 -1.0161657389e+00
8.6178543172e+01 -1.0359696908e+00
8.7646349042e+01 -1.0548778909e+00
8.9113842314e+01 -1.0728213277e+00
9.0581044860e+01 -1.0897293580e+00
9.2047979005e+01 -1.1055296725e+00
9.3514667535e+01 -1.1201482635e+00
9.4981133701e+01 -1.1335093884e+00
9.6447401222e+01 -1.1455355346e+00
9.7913494296e+01 -1.1561473837e+00
9.9379437604e+01 -1.1652637747e+00
1.0084525631e+02 -1.1728016644e+00
1.0231097609e+02 -1.1786760896e+00
1.0377662309e+02 -1.1828001290e+00
1.0524222399e+02 -1.1850848606e+00
1.0670780598e+02 -1.1854393209e+00
1.0817339678e+02 -1.1837704634e+00
1.0963902462e+02 -1.1799831153e+00
1.1110471827e+02 -1.1739799340e+00
1.1257050707e+02 -1.1656613622e+00
1.1403642089e+02 -1.1549255811e+00
1.1550249016e+02 -1.1416684652e+00
1.1696874590e+02 -1.1257835339e+00
1.1843521968e+02 -1.1071619038e+00
1.1990194368e+02 -1.0856922390e+00
1.2136895067e+02 -1.0612606988e+00
1.2283627401e+02 -1.0337508892e+00
1.2430394770e+02 -1.0030438085e+00
1.2577200633e+02 -9.6901779403e-01
1.2724048516e+02 -9.3154846838e-01
1.2870942006e+02 -8.9050868267e-01
1.3017884757e+02 -8.4576846097e-01
1.3164880488e+02 -7.9719494072e-01
1.3311932988e+02 -7.4465231585e-01
1.3459046112e+02 -6.8800177599e-01
1.3606223785e+02 -6.2710144583e-01
1.3753470003e+02 -5.6180631962e-01
1.3900788832e+02 -4.9196820209e-01
1.4048184413e+02 -4.1743564183e-01
1.4195660961e+02 -3.3805386454e-01
1.4343222764e+02 -2.5366470677e-01
1.4490874189e+02 -1.6410654686e-01
1.4638619679e+02 -6.9214235749e-02
1.4786463755e+02 3.1180973344e-02
1.4934411020e+02 1.3725149900e-01
1.5082466159e+02 2.4917350486e-01
1.5230633937e+02 3.6712697204e-01
1.5378919204e+02 4.9129577947e-01
1.5527326898e+02 6.2186777843e-01
1.5675862040e+02 7.5903487401e-01
1.5824529741e+02 9.0299310447e-01
1.5973335202e+02 1.0539427219e+00
1.6122283715e+02 1.2120882789e+00
1.6271380664e+02 1.3776387124e+00
1.6420631527e+02 1.5508074273e+00
1.6570041878e+02 1.7318123888e+00
1.6719617388e+02 1.9208762101e+00
1.6869363826e+02 2.1182262399e+00
1.7019287063e+02 2.3240946630e+00
1.7169393071e+02 2.5387185891e+00
1.7319687924e+02 2.7623401476e+00
1.7470177805e+02 2.9952065895e+00
1.7620868999e+02 3.2375703843e+00
1.7771767905e+02 3.4896893213e+00
1.7922881029e+02 3.7518266101e+00
1.8074214990e+02 4.0242509885e+00
1.8225776520e+02 4.3072368301e+00
1.8377572470e+02 4.6010642460e+00
1.8529609806e+02 4.9060191957e+00
1.8681895615e+02 5.2223936061e+00
1.8834437104e+02 5.5504854779e+00
1.8987241606e+02 5.8905989995e+00
1.9140316577e+02 6.2430446699e+00
1.9293669602e+02 6.6081394161e+00
1.9447308396e+02 6.9862067109e+00
1.9601240804e+02 7.3775766961e+00
1.9755474806e+02 7.7825863112e+00
1.9910018518e+02 8.2015794189e+00
2.0064880194e+02 8.6349069323e+00
2.0220068228e+02 9.0829269456e+00
2.0375591157e+02 9.5454782019e+00
2.0531456892e+02 1.0019808744e+01
2.0687669739e+02 1.0505743765e+01
2.0844237158e+02 1.1006054326e+01
2.1001167267e+02 1.1521396610e+01
2.1158468239e+02 1.2052008076e+01
2.1316148300e+02 1.2598120050e+01
2.1474215716e+02 1.3159956876e+01
2.1632678794e+02 1.3737735029e+01
2.1791545874e+02 1.4331662166e+01
2.1950825318e+02 1.4941936153e+01
2.2110525507e+02 1.5568744015e+01
2.2270654831e+02 1.6212260887e+01
2.2431221680e+02 1.6872648885e+01
2.2592234437e+02 1.7550055953e+01
2.2753701467e+02 1.8244614681e+01
2.2915631106e+02 1.8956441084e+01
2.3078031651e+02 1.9685633349e+01
2.3240911349e+02 2.0432270571e+01
2.3404278388e+02 2.1196411474e+01
2.3568140878e+02 2.1978093115e+01
2.3732506844e+02 2.2777329601e+01
2.3897384212e+02 2.3594110798e+01
2.4062780791e+02 2.4428401078e+01
2.4228704266e+02 2.5280138091e+01
2.4395162176e+02 2.6149231572e+01
2.4562161904e+02 2.7035562218e+01
2.4729710660e+02 2.7938980622e+01
2.4897815465e+02 2.8859306287e+01
2.5066483136e+02 2.9796326759e+01
2.5235720272e+02 3.0749796841e+01
2.5405533233e+02 3.1719437972e+01
2.5575928129e+02 3.2704937715e+01
2.5746910805e+02 3.3705949427e+01
2.5918486819e+02 3.4722092085e+01
2.6090661435e+02 3.5752950315e+01
2.6263439601e+02 3.6798074609e+01
2.6436825941e+02 3.7856981741e+01
2.6610824737e+02 3.8929155428e+01
2.6785439917e+02 4.0014047198e+01
2.6960675046e+02 4.1111077490e+01
2.7136533310e+02 4.2219636987e+01
2.7313017511e+02 4.3339088177e+01
2.7490130055e+02 4.4468767161e+01
2.7667872945e+02 4.5607985660e+01
2.7846247776e+02 4.6756033210e+01
2.8025255728e+02 4.7912179619e+01
2.8204897566e+02 4.9075677548e+01
2.8385173634e+02 5.0245765244e+01
2.8566083859e+02 5.1421669455e+01
2.8747627750e+02 5.2602608418e+01
2.8929804399e+02 5.3787794936e+01
2.9112612491e+02 5.4976439511e+01
2.9296050306e+02 5.6167753503e+01
2.9480115726e+02 5.7360952278e+01
2.9664806248e+02 5.8555258307e+01
2.9850118993e+02 5.9749904199e+01
3.0036050714e+02 6.0944135646e+01
3.0222597814e+02 6.2137214229e+01
3.0409756361e+02 6.3328420073e+01
3.0597522097e+02 6.4517054315e+01
3.0785890460e+02 6.5702441411e+01
3.0974856599e+02 6.6883931176e+01
3.1164415393e+02 6.8060900641e+01
3.1354561464e+02 6.9232755673e+01
3.1545289204e+02 7.0398932320e+01
3.1736592785e+02 7.1558897932e+01
3.1928466184e+02 7.2712152039e+01
3.2120903199e+02 7.3858226993e+01
3.2313897468e+02 7.4996688362e+01
3.2507442490e+02 7.6127135091e+01
3.2701531639e+02 7.7249199486e+01
3.2896158184e+02 7.8362546976e+01
3.3091315308e+02 7.9466875673e+01
3.3286996121e+02 8.0561915801e+01
3.3483193679e+02 8.1647428957e+01
3.3679900998e+02 8.2723207218e+01
3.3877111069e+02 8.3789072169e+01
3.4074816873e+02 8.4844873820e+01
3.4273011390e+02 8.5890489412e+01
3.4471687618e+02 8.6925822201e+01
3.4670838579e+02 8.7950800177e+01
3.4870457331e+02 8.8965374719e+01
3.5070536980e+02 8.9969519268e+01
3.5271070685e+02 9.0963227979e+01
3.5472051672e+02 9.1946514366e+01
3.5673473235e+02 9.2919409956e+01
3.5875328749e+02 9.3881962969e+01
3.6077611671e+02 9.4834237036e+01
3.6280315550e+02 9.5776309935e+01
3.6483434028e+02 9.6708272380e+01
3.6686960845e+02 9.7630226834e+01
3.6890889845e+02 9.8542286380e+01
3.7095214977e+02 9.9444573683e+01
3.7299930297e+02 1.0033721992e+02
3.7505029971e+02 1.0122036381e+02
3.7710508279e+02 1.0209415075e+02
3.7916359609e+02 1.0295873189e+02
3.8122578469e+02 1.0381426335e+02
3.8329159475e+02 1.0466090548e+02
3.8536097362e+02 1.0549882211e+02
3.8743386976e+02 1.0632817994e+02
3.8951023280e+02 1.0714914791e+02
3.9159001347e+02 1.0796189664e+02
3.9367316365e+02 1.0876659791e+02
3.9575963632e+02 1.0956342422e+02
3.9784938557e+02 1.1035254830e+02
3.9994236657e+02 1.1113414278e+02
4.0203853557e+02 1.1190837976e+02
4.0413784989e+02 1.1267543057e+02
4.0624026786e+02 1.1343546541e+02
4.0834574886e+02 1.1418865313e+02
4.1045425327e+02 1.1493516098e+02
4.1256574246e+02 1.1567515437e+02
4.1468017876e+02 1.1640879675e+02
4.1679752545e+02 1.1713624945e+02
4.1891774673e+02 1.1785767146e+02
4.2104080771e+02 1.1857321937e+02
4.2316667440e+02 1.1928304728e+02
4.2529531367e+02 1.1998730668e+02
4.2742669321e+02 1.2068614637e+02
4.2956078158e+02 1.2137971245e+02
4.3169754810e+02 1.2206814825e+02
4.3383696291e+02 1.2275159425e+02
4.3597899690e+02 1.2343018810e+02
4.3812362170e+02 1.2410406468e+02
4.4027080967e+02 1.2477335592e+02
4.4242053387e+02 1.2543819092e+02
4.4457276808e+02 1.2609869598e+02
4.4672748670e+02 1.2675499451e+02
4.4888466481e+02 1.2740720712e+02
4.5104427813e+02 1.2805545166e+02
4.5320630298e+02 1.2869984317e+02
4.5537071627e+02 1.2934049398e+02
4.5753749553e+02 1.2997751377e+02
4.5970661881e+02 1.3061100948e+02
4.6187806473e+02 1.3124108546e+02
4.6405181246e+02 1.3186784353e+02
4.6622784166e+02 1.3249138291e+02
4.6840613251e+02 1.3311180039e+02
4.7058666568e+02 1.3372919028e+02
4.7276942232e+02 1.3434364448e+02
4.7495438402e+02 1.3495525261e+02
4.7714153284e+02 1.3556410195e+02
4.7933085128e+02 1.3617027753e+02
4.8152232224e+02 1.3677386219e+02
4.8371592905e+02 1.3737493662e+02
4.8591165543e+02 1.3797357940e+02
4.8810948550e+02 1.3856986706e+02
4.9030940373e+02 1.3916387414e+02
4.9251139500e+02 1.3975567321e+02
4.9471544449e+02 1.4034533493e+02
4.9692153777e+02 1.4093292811e+02
4.9912966072e+02 1.4151851970e+02
5.0133979956e+02 1.4210217496e+02
5.0355194082e+02 1.4268395735e+02
5.0576607132e+02 1.4326392867e+02
5.0798217822e+02 1.4384214913e+02
5.1020024892e+02 1.4441867725e+02
5.1242027113e+02 1.4499357006e+02
5.1464223283e+02 1.4556688309e+02
5.1686612227e+02 1.4613867036e+02
5.1909192794e+02 1.4670898446e+02
5.2131963859e+02 1.4727787661e+02
5.2354924322e+02 1.4784539665e+02
5.2578073106e+02 1.4841159308e+02
5.2801409157e+02 1.4897651315e+02
5.3024931444e+02 1.4954020285e+02
5.3248638956e+02 1.5010270696e+02
5.3472530705e+02 1.5066406905e+02
5.3696605723e+02 1.5122433154e+02
5.3920863060e+02 1.5178353575e+02
5.4145301789e+02 1.5234172191e+02
5.4369920999e+02 1.5289892921e+02
5.4594719799e+02 1.5345519573e+02
5.4819697314e+02 1.5401055862e+02
5.5044852688e+02 1.5456505407e+02
5.5270185081e+02 1.5511871724e+02
5.5495693671e+02 1.5567158245e+02
5.5721377649e+02 1.5622368304e+02
5.5947236224e+02 1.5677505158e+02
5.6173268620e+02 1.5732571973e+02
5.6399474073e+02 1.5787571832e+02
5.6625851838e+02 1.5842507741e+02
5.6852401179e+02 1.5897382623e+02
5.7079121378e+02 1.5952199334e+02
5.7306011727e+02 1.6006960647e+02
5.7533071531e+02 1.6061669267e+02
5.7760300110e+02 1.6116327830e+02
5.7987696794e+02 1.6170938903e+02
5.8215260926e+02 1.6225504992e+02
5.8442991860e+02 1.6280028527e+02
5.8670888960e+02 1.6334511886e+02
5.8898951605e+02 1.6388957384e+02
5.9127179180e+02 1.6443367276e+02
5.9355571083e+02 1.6497743758e+02
5.9584126722e+02 1.6552088972e+02
5.9812845515e+02 1.6606405005e+02
6.0041726888e+02 1.6660693890e+02
6.0270770279e+02 1.6714957613e+02
6.0499975132e+02 1.6769198105e+02
6.0729340904e+02 1.6823417248e+02
6.0958867057e+02 1.6877616879e+02
6.1188553063e+02 1.6931798789e+02
6.1418398403e+02 1.6985964724e+02
6.1648402566e+02 1.7040116382e+02
6.1878565047e+02 1.7094255423e+02
6.2108885350e+02 1.7148383465e+02
6.2339362988e+02 1.7202502084e+02
6.2569997478e+02 1.7256612820e+02
6.2800788347e+02 1.7310717168e+02
6.3031735129e+02 1.7364816592e+02
6.3262837363e+02 1.7418912520e+02
6.3494094595e+02 1.7473006338e+02
6.3725506379e+02 1.7527099403e+02
6.3957072274e+02 1.7581193039e+02
6.4188791846e+02 1.7635288536e+02
6.4420664666e+02 1.7689387149e+02
6.4652690313e+02 1.7743490110e+02
6.4884868369e+02 1.7797598610e+02
6.5117198424e+02 1.7851713820e+02
6.5349680073e+02 1.7905836878e+02
6.5582312915e+02 1.7959968895e+02
6.5815096555e+02 1.8014110955e+02
6.6048030605e+02 1.8068264112e+02
6.6281114680e+02 1.8122429402e+02
6.6514348399e+02 1.8176607830e+02
6.6747731390e+02 1.8230800375e+02
6.6981263281e+02 1.8285007997e+02
6.7214943708e+02 1.8339231632e+02
6.7448772309e+02 1.8393472188e+02
6.7682748728e+02 1.8447730557e+02
6.7916872612e+02 1.8502007607e+02
6.8151143616e+02 1.8556304183e+02
6.8385561393e+02 1.8610621114e+02
6.8620125605e+02 1.8664959206e+02
6.8854835917e+02 1.8719319244e+02
6.9089691995e+02 1.8773701999e+02
6.9324693513e+02 1.8828108218e+02
6.9559840146e+02 1.8882538633e+02
6.9795131573e+02 1.8936993956e+02
7.0030567478e+02 1.8991474885e+02
7.0266147546e+02 1.9045982100e+02
7.0501871468e+02 1.9100516262e+02
7.0737738937e+02 1.9155078022e+02
7.0973749649e+02 1.9209668006e+02
7.1209903304e+02 1.9264286833e+02
7.1446199605e+02 1.9318935108e+02
7.1682638257e+02 1.9373613411e+02
7.1919218971e+02 1.9428322319e+02
7.2155941458e+02 1.9483062392e+02
7.2392805432e+02 1.9537834172e+02
7.2629810612e+02 1.9592638193e+02
7.2866956718e+02 1.9647474974e+02
7.3104243474e+02 1.9702345023e+02
7.3341670605e+02 1.9757248833e+02
7.3579237840e+02 1.9812186888e+02
7.3816944910e+02 1.9867159657e+02
7.4054791550e+02 1.9922167603e+02
7.4292777495e+02 1.9977211170e+02
7.4530902484e+02 2.0032290799e+02
7.4769166258e+02 2.0087406917e+02
7.5007568561e+02 2.0142559938e+02
7.5246109139e+02 2.0197750271e+02
7.5484787739e+02 2.0252978311e+02
7.5723604112e+02 2.0308244445e+02
7.5962558011e+02 2.0363549051e+02
7.6201649190e+02 2.0418892495e+02
7.6440877406e+02 2.0474275141e+02
7.6680242418e+02 2.0529697336e+02
7.6919743987e+02 2.0585159421e+02
7.7159381875e+02 2.0640661731e+02
7.7399155848e+02 2.0696204591e+02
7.7639065672e+02 2.0751788318e+02
7.7879111116e+02 2.0807413222e+02
7.8119291951e+02 2.0863079603e+02
7.8359607949e+02 2.0918787755e+02
7.8600058885e+02 2.0974537966e+02
7.8840644533e+02 2.1030330518e+02
7.9081364673e+02 2.1086165679e+02
7.9322219083e+02 2.1142043716e+02
7.9563207544e+02 2.1197964890e+02
7.9804329841e+02 2.1253929453e+02
8.0045585756e+02 2.1309937650e+02
8.0286975075e+02 2.1365989719e+02
8.0528497588e+02 2.1422085899e+02
8.0770153082e+02 2.1478226418e+02
8.1011941349e+02 2.1534411489e+02
8.1253862180e+02 2.1590641336e+02
8.1495915369e+02 2.1646916171e+02
8.1738100712e+02 2.1703236193e+02
8.1980418005e+02 2.1759601608e+02
8.2222867046e+02 2.1816012608e+02
8.2465447634e+02 2.1872469379e+02
8.2708159570e+02 2.1928972109e+02
8.2951002657e+02 2.1985520980e+02
8.3193976697e+02 2.2042116164e+02
8.3437081496e+02 2.2098757828e+02
8.3680316859e+02 2.2155446145e+02
8.3923682593e+02 2.2212181270e+02
8.4167178508e+02 2.2268963360e+02
8.4410804413e+02 2.2325792572e+02
8.4654560118e+02 2.2382669051e+02
8.4898445437e+02 2.2439592940e+02
8.5142460182e+02 2.2496564381e+02
8.5386604168e+02 2.2553583511e+02
8.5630877211e+02 2.2610650459e+02
8.5875279127e+02 2.2667765355e+02
8.6119809734e+02 2.2724928327e+02
8.6364468851e+02 2.2782139492e+02
8.6609256298e+02 2.2839398970e+02
8.6854171897e+02 2.2896706874e+02
8.7099215469e+02 2.2954063316e+02
8.7344386838e+02 2.3011468403e+02
8.7589685828e+02 2.3068922238e+02
8.7835112264e+02 2.3126424924e+02
8.8080665973e+02 2.3183976559e+02
8.8326346781e+02 2.3241577236e+02
8.8572154517e+02 2.3299227049e+02
8.8818089010e+02 2.3356926089e+02
8.9064150090e+02 2.3414674438e+02
8.9310337587e+02 2.3472472182e+02
8.9556651335e+02 2.3530319401e+02
8.9803091165e+02 2.3588216173e+02
9.0049656912e+02 2.3646162573e+02
9.0296348410e+02 2.3704158675e+02
9.0543165494e+02 2.3762204551e+02
9.0790108001e+02 2.3820300265e+02
9.1037175768e+02 2.3878445883e+02
9.1284368633e+02 2.3936641472e+02
9.1531686435e+02 2.3994887089e+02
9.1779129014e+02 2.4053182794e+02
9.2026696209e+02 2.4111528643e+02
9.2274387863e+02 2.4169924693e+02
9.2522203817e+02 2.4228370991e+02
9.2770143914e+02 2.4286867589e+02
9.3018207998e+02 2.4345414538e+02
9.3266395913e+02 2.4404011878e+02
9.3514707505e+02 2.4462659660e+02
9.3763142618e+02 2.4521357921e+02
9.4011701100e+02 2.4580106704e+02
9.4260382798e+02 2.4638906046e+02
9.4509187561e+02 2.4697755983e+02
9.4758115236e+02 2.4756656551e+02
9.5007165673e+02 2.4815607784e+02
9.5256338722e+02 2.4874609707e+02
9.5505634235e+02 2.4933662359e+02
9.5755052063e+02 2.4992765768e+02
9.6004592057e+02 2.5051919953e+02
9.6254254072e+02 2.5111124940e+02
9.6504037959e+02 2.5170380759e+02
9.6753943574e+02 2.5229687429e+02
9.7003970771e+02 2.5289044966e+02
9.7254119405e+02 2.5348453394e+02
9.7504389333e+02 2.5407912730e+02
9.7754780412e+02 2.5467422993e+02
9.8005292497e+02 2.5526984193e+02
9.8255925449e+02 2.5586596343e+02
9.8506679124e+02 2.5646259461e+02
9.8757553382e+02 2.5705973554e+02
9.9008548083e+02 2.5765738633e+02
9.9259663087e+02 2.5825554709e+02
9.9510898255e+02 2.5885456367e+02
