# MeV/fm^3               MeV/fm^3
# energy_density         pressure
1.5015805175e-04 8.7107826507e-08
1.5063016138e+00 6.8946068353e-04
3.0138315415e+00 2.1074242103e-03
4.5220900916e+00 3.5542803178e-03
6.0308274240e+00 4.9336565478e-03
7.5398953376e+00 6.1693743899e-03
9.0491930622e+00 7.2122562334e-03
1.0558646898e+01 8.0296157364e-03
1.2068200452e+01 8.5995936054e-03
1.3577809246e+01 8.9090553372e-03
1.5087437706e+01 8.9545532843e-03
1.6597057566e+01 8.7318646927e-03
1.8106644755e+01 8.2355208825e-03
1.9616179169e+01 7.4667303964e-03
2.1125644025e+01 6.4295529041e-03
2.2635025303e+01 5.1300315957e-03
2.4144311319e+01 3.5759301940e-03
2.5653492382e+01 1.7765287037e-03
2.7162560530e+01 -2.5753749166e-04
2.8671509314e+01 -2.5144061326e-03
3.0180333617e+01 -4.9810916748e-03
3.1689029509e+01 -7.6435693969e-03
3.3197594129e+01 -1.0486844606e-02
3.4706025576e+01 -1.3495009469e-02
3.6214322828e+01 -1.6651289970e-02
3.7722485661e+01 -1.9938085183e-02
3.9230514593e+01 -2.3336999751e-02
4.0738410822e+01 -2.6828870711e-02
4.2246176183e+01 -3.0393790213e-02
4.3753813103e+01 -3.4011123960e-02
4.5261324564e+01 -3.7659526538e-02
4.6768714076e+01 -4.1316953872e-02
4.8275985641e+01 -4.4960672946e-02
4.9783143735e+01 -4.8567270117e-02
5.1290193281e+01 -5.2112657019e-02
5.2797139631e+01 -5.5572074796e-02
5.4303988547e+01 -5.8920097092e-02
5.5810746190e+01 -6.2130631905e-02
5.7317419098e+01 -6.5176921935e-02
5.8824014180e+01 -6.8031544067e-02
6.0330538702e+01 -7.0666407799e-02
6.1837000278e+01 -7.3052753146e-02
6.3343406858e+01 -7.5161147591e-02
6.4849766724e+01 -7.6961481802e-02
6.6356088481e+01 -7.8422965413e-02
6.7862381051e+01 -7.9514122136e-02
6.9368653664e+01 -8.0202783574e-02
7.0874915857e+01 -8.0456083088e-02
7.2381177470e+01 -8.0240449422e-02
7.3887448636e+01 -7.9521598928e-02
7.5393739785e+01 -7.8264528017e-02
7.6900061633e+01 -7.6433505165e-02
7.8406425188e+01 -7.3992061906e-02
7.9912841741e+01 -7.0902984087e-02
8.1419322864e+01 -6.7128302568e-02
8.2925880415e+01 -6.2629282846e-02
8.4432526529e+01 -5.7366415254e-02
8.5939273620e+01 -5.1299404693e-02
8.7446134383e+01 -4.4387158835e-02
8.8953121787e+01 -3.6587777505e-02
9.0460249081e+01 -2.7858540940e-02
9.1967529791e+01 -1.8155896959e-02
9.3474977719e+01 -7.4354498056e-03
9.4982606946e+01 4.3480531132e-03
9.6490431831e+01 1.7240734816e-02
9.7998467011e+01 3.1289601366e-02
9.9506727404e+01 4.6542556234e-02
1.0101522821e+02 6.3048414242e-02
1.0252398490e+02 8.0856915418e-02
1.0403301324e+02 1.0001874124e-01
1.0554232929e+02 1.2058552885e-01
1.0705194936e+02 1.4260988620e-01
1.0856189009e+02 1.6614540899e-01
1.1007216838e+02 1.9124669623e-01
1.1158280144e+02 2.1796936709e-01
1.1309380676e+02 2.4637007835e-01
1.1460520214e+02 2.7650654086e-01
1.1611700565e+02 3.0843753767e-01
1.1762923570e+02 3.4222294305e-01
1.1914191098e+02 3.7792373971e-01
1.2065505048e+02 4.1560203825e-01
1.2216867351e+02 4.5532109705e-01
1.2368279970e+02 4.9714534115e-01
1.2519744898e+02 5.4114038275e-01
1.2671264159e+02 5.8737304238e-01
1.2822839810e+02 6.3591136880e-01
1.2974473943e+02 6.8682466118e-01
1.3126168677e+02 7.4018349082e-01
1.3277926170e+02 7.9605972360e-01
1.3429748609e+02 8.5452654326e-01
1.3581638217e+02 9.1565847252e-01
1.3733597251e+02 9.7953139998e-01
1.3885628002e+02 1.0462226021e+00
1.4037732797e+02 1.1158107684e+00
1.4189913996e+02 1.1883760273e+00
1.4342173997e+02 1.2639999704e+00
1.4494515233e+02 1.3427656812e+00
1.4646940176e+02 1.4247577598e+00
1.4799451331e+02 1.5100623499e+00
1.4952051244e+02 1.5987671686e+00
1.5104742497e+02 1.6909615339e+00
1.5257527712e+02 1.7867363916e+00
1.5410409549e+02 1.8861843498e+00
1.5563390707e+02 1.9893997045e+00
1.5716473925e+02 2.0964784709e+00
1.5869661985e+02 2.2075184186e+00
1.6022957707e+02 2.3226190987e+00
1.6176363953e+02 2.4418818777e+00
1.6329883629e+02 2.5654099753e+00
1.6483519681e+02 2.6933084922e+00
1.6637275100e+02 2.8256844461e+00
1.6791152921e+02 2.9626468118e+00
1.6945156222e+02 3.1043065507e+00
1.7099288126e+02 3.2507766510e+00
1.7253551804e+02 3.4021721659e+00
1.7407950471e+02 3.5586102496e+00
1.7562487388e+02 3.7202101975e+00
1.7717165867e+02 3.8870934848e+00
1.7871989265e+02 4.0593838096e+00
1.8026960989e+02 4.2372071306e+00
1.8182084495e+02 4.4206917128e+00
1.8337363292e+02 4.6099681693e+00
1.8492800935e+02 4.8051695019e+00
1.8648401035e+02 5.0064311516e+00
1.8804167254e+02 5.2138910392e+00
1.8960103306e+02 5.4276896133e+00
1.9116212961e+02 5.6479699017e+00
1.9272500042e+02 5.8748775524e+00
1.9428968429e+02 6.1085608871e+00
1.9585622056e+02 6.3491709515e+00
1.9742464917e+02 6.5968615650e+00
1.9899501062e+02 6.8517893766e+00
2.0056734601e+02 7.1141139108e+00
2.0214169703e+02 7.3839976279e+00
2.0371810598e+02 7.6616059792e+00
2.0529661576e+02 7.9471071500e+00
2.0687726991e+02 8.2402382856e+00
2.0846010620e+02 8.5407151206e+00
2.1004516280e+02 8.8490438640e+00
2.1163248371e+02 9.1657500721e+00
2.1322211352e+02 9.4910000880e+00
2.1481409736e+02 9.8249623737e+00
2.1640848091e+02 1.0167807489e+01
2.1800531044e+02 1.0519708061e+01
2.1960463278e+02 1.0880838767e+01
2.2120649533e+02 1.1251376297e+01
2.2281094605e+02 1.1631499317e+01
2.2441803348e+02 1.2021388427e+01
2.2602780675e+02 1.2421226114e+01
2.2764031554e+02 1.2831196699e+01
2.2925561012e+02 1.3251486282e+01
2.3087374134e+02 1.3682282667e+01
2.3249476061e+02 1.4123775298e+01
2.3411871994e+02 1.4576155175e+01
2.3574567189e+02 1.5039614770e+01
2.3737566961e+02 1.5514347928e+01
2.3900876679e+02 1.6000549756e+01
2.4064501773e+02 1.6498416526e+01
2.4228447725e+02 1.7008145539e+01
2.4392720075e+02 1.7529934989e+01
2.4557324419e+02 1.8063983829e+01
2.4722266405e+02 1.8610491609e+01
2.4887551736e+02 1.9169658305e+01
2.5053186171e+02 1.9741684147e+01
2.5219175516e+02 2.0326769420e+01
2.5385525633e+02 2.0925114255e+01
2.5552242430e+02 2.1536918409e+01
2.5719331869e+02 2.2162381034e+01
2.5886799955e+02 2.2801700414e+01
2.6054652741e+02 2.3455073699e+01
2.6222896326e+02 2.4122696626e+01
2.6391536849e+02 2.4804763204e+01
2.6560580493e+02 2.5501465401e+01
2.6730033479e+02 2.6212992786e+01
2.6899902063e+02 2.6939532188e+01
2.7070192540e+02 2.7681267305e+01
2.7240911232e+02 2.8438378295e+01
2.7412064494e+02 2.9211041355e+01
2.7583658707e+02 2.9999428280e+01
2.7755700274e+02 3.0803705984e+01
2.7928195619e+02 3.1624036015e+01
2.8101151185e+02 3.2460574034e+01
2.8274573424e+02 3.3313469274e+01
2.8448468800e+02 3.4182863987e+01
2.8622843783e+02 3.5068892842e+01
2.8797704840e+02 3.5971682327e+01
2.8973058438e+02 3.6891350101e+01
2.9148911033e+02 3.7828004350e+01
2.9325269068e+02 3.8781743105e+01
2.9502138966e+02 3.9752653522e+01
2.9679527127e+02 4.0740811184e+01
2.9857439919e+02 4.1746279339e+01
3.0035883672e+02 4.2769108150e+01
3.0214864676e+02 4.3809333915e+01
3.0394389167e+02 4.4866978270e+01
3.0574463326e+02 4.5942047387e+01
3.0755093270e+02 4.7034531168e+01
3.0936285043e+02 4.8144402415e+01
3.1118044612e+02 4.9271616002e+01
3.1300377852e+02 5.0416108079e+01
3.1483290546e+02 5.1577795231e+01
3.1666788370e+02 5.2756573667e+01
3.1850876888e+02 5.3952318446e+01
3.2035561541e+02 5.5164882704e+01
3.2220847640e+02 5.6394096893e+01
3.2406740353e+02 5.7639768079e+01
3.2593244699e+02 5.8901679265e+01
3.2780365538e+02 6.0179588766e+01
3.2968107557e+02 6.1473229634e+01
3.3156475266e+02 6.2782309151e+01
3.3345472986e+02 6.4106508383e+01
3.3535104837e+02 6.5445481816e+01
3.3725374730e+02 6.6798857086e+01
3.3916286359e+02 6.8166234783e+01
3.4107843188e+02 6.9547188377e+01
3.4300048442e+02 7.0941264255e+01
3.4492905101e+02 7.2347981858e+01
3.4686415887e+02 7.3766833969e+01
3.4880583257e+02 7.5197287102e+01
3.5075409397e+02 7.6638782051e+01
3.5270896208e+02 7.8090734588e+01
3.5467045307e+02 7.9552536285e+01
3.5663858012e+02 8.1023555498e+01
3.5861335342e+02 8.2503138505e+01
3.6059478007e+02 8.3990610793e+01
3.6258286407e+02 8.5485278491e+01
3.6457760624e+02 8.6986429941e+01
3.6657900422e+02 8.8493337437e+01
3.6858705242e+02 9.0005259074e+01
3.7060174203e+02 9.1521440731e+01
3.7262306099e+02 9.3041118165e+01
3.7465099401e+02 9.4563519220e+01
3.7668552255e+02 9.6087866119e+01
3.7872662491e+02 9.7613377811e+01
3.8077427619e+02 9.9139272427e+01
3.8282844837e+02 1.0066476971e+02
3.8488911034e+02 1.0218909349e+02
3.8695622801e+02 1.0371147425e+02
3.8902976431e+02 1.0523115146e+02
3.9110967934e+02 1.0674737611e+02
3.9319593040e+02 1.0825941304e+02
3.9528847213e+02 1.0976654320e+02
3.9738725659e+02 1.1126806593e+02
3.9949223339e+02 1.1276330091e+02
4.0160334980e+02 1.1425159023e+02
4.0372055085e+02 1.1573230013e+02
4.0584377950e+02 1.1720482265e+02
4.0797297678e+02 1.1866857715e+02
4.1010808186e+02 1.2012301153e+02
4.1224903226e+02 1.2156760344e+02
4.1439576396e+02 1.2300186117e+02
4.1654821155e+02 1.2442532438e+02
4.1870630835e+02 1.2583756470e+02
4.2086998661e+02 1.2723818604e+02
4.2303917757e+02 1.2862682484e+02
4.2521381169e+02 1.3000315005e+02
4.2739381871e+02 1.3136686297e+02
4.2957912781e+02 1.3271769694e+02
4.3176966778e+02 1.3405541693e+02
4.3396536708e+02 1.3537981885e+02
4.3616615401e+02 1.3669072891e+02
4.3837195680e+02 1.3798800273e+02
4.4058270374e+02 1.3927152446e+02
4.4279832327e+02 1.4054120571e+02
4.4501874410e+02 1.4179698450e+02
4.4724389529e+02 1.4303882407e+02
4.4947370634e+02 1.4426671172e+02
4.5170810728e+02 1.4548065754e+02
4.5394702875e+02 1.4668069316e+02
4.5619040205e+02 1.4786687051e+02
4.5843815922e+02 1.4903926046e+02
4.6069023312e+02 1.5019795161e+02
4.6294655745e+02 1.5134304902e+02
4.6520706681e+02 1.5247467291e+02
4.6747169675e+02 1.5359295750e+02
4.6974038380e+02 1.5469804980e+02
4.7201306552e+02 1.5579010844e+02
4.7428968052e+02 1.5686930255e+02
4.7657016845e+02 1.5793581072e+02
4.7885447010e+02 1.5898981996e+02
4.8114252732e+02 1.6003152469e+02
4.8343428312e+02 1.6106112583e+02
4.8572968163e+02 1.6207882991e+02
4.8802866810e+02 1.6308484825e+02
4.9033118895e+02 1.6407939616e+02
4.9263719173e+02 1.6506269218e+02
4.9494662512e+02 1.6603495743e+02
4.9725943894e+02 1.6699641495e+02
4.9957558416e+02 1.6794728911e+02
5.0189501285e+02 1.6888780504e+02
5.0421767819e+02 1.6981818813e+02
5.0654353446e+02 1.7073866358e+02
5.0887253706e+02 1.7164945595e+02
5.1120464241e+02 1.7255078876e+02
5.1353980803e+02 1.7344288416e+02
5.1587799247e+02 1.7432596257e+02
5.1821915530e+02 1.7520024245e+02
5.2056325709e+02 1.7606593998e+02
5.2291025943e+02 1.7692326886e+02
5.2526012484e+02 1.7777244008e+02
5.2761281682e+02 1.7861366178e+02
5.2996829980e+02 1.7944713903e+02
5.3232653910e+02 1.8027307374e+02
5.3468750097e+02 1.8109166456e+02
5.3705115250e+02 1.8190310671e+02
5.3941746165e+02 1.8270759195e+02
5.4178639720e+02 1.8350530850e+02
5.4415792877e+02 1.8429644102e+02
5.4653202674e+02 1.8508117053e+02
5.4890866228e+02 1.8585967436e+02
5.5128780731e+02 1.8663212618e+02
5.5366943451e+02 1.8739869603e+02
5.5605351723e+02 1.8815955019e+02
5.5844002957e+02 1.8891485133e+02
5.6082894626e+02 1.8966475848e+02
5.6322024273e+02 1.9040942702e+02
5.6561389503e+02 1.9114900873e+02
5.6800987985e+02 1.9188365183e+02
5.7040817448e+02 1.9261350105e+02
5.7280875680e+02 1.9333869764e+02
5.7521160529e+02 1.9405937937e+02
5.7761669896e+02 1.9477568069e+02
5.8002401737e+02 1.9548773273e+02
5.8243354063e+02 1.9619566329e+02
5.8484524935e+02 1.9689959699e+02
5.8725912462e+02 1.9759965533e+02
5.8967514805e+02 1.9829595667e+02
5.9209330169e+02 1.9898861636e+02
5.9451356809e+02 1.9967774675e+02
5.9693593019e+02 2.0036345732e+02
5.9936037140e+02 2.0104585467e+02
6.0178687555e+02 2.0172504261e+02
6.0421542685e+02 2.0240112226e+02
6.0664600992e+02 2.0307419205e+02
6.0907860979e+02 2.0374434786e+02
6.1151321181e+02 2.0441168296e+02
6.1394980174e+02 2.0507628816e+02
6.1638836566e+02 2.0573825189e+02
6.1882889001e+02 2.0639766022e+02
6.2127136156e+02 2.0705459684e+02
6.2371576738e+02 2.0770914330e+02
6.2616209489e+02 2.0836137895e+02
6.2861033178e+02 2.0901138092e+02
6.3106046605e+02 2.0965922437e+02
6.3351248598e+02 2.1030498241e+02
6.3596638014e+02 2.1094872613e+02
6.3842213735e+02 2.1159052478e+02
6.4087974671e+02 2.1223044571e+02
6.4333919756e+02 2.1286855444e+02
6.4580047951e+02 2.1350491474e+02
6.4826358237e+02 2.1413958868e+02
6.5072849622e+02 2.1477263661e+02
6.5319521135e+02 2.1540411729e+02
6.5566371828e+02 2.1603408790e+02
6.5813400773e+02 2.1666260404e+02
6.6060607063e+02 2.1728971986e+02
6.6307989811e+02 2.1791548801e+02
6.6555548152e+02 2.1853995973e+02
6.6803281237e+02 2.1916318495e+02
6.7051188236e+02 2.1978521215e+02
6.7299268338e+02 2.2040608857e+02
6.7547520749e+02 2.2102586019e+02
6.7795944693e+02 2.2164457172e+02
6.8044539407e+02 2.2226226669e+02
6.8293304148e+02 2.2287898748e+02
6.8542238188e+02 2.2349477533e+02
6.8791340811e+02 2.2410967035e+02
6.9040611319e+02 2.2472371163e+02
6.9290049027e+02 2.2533693715e+02
6.9539653263e+02 2.2594938395e+02
6.9789423372e+02 2.2656108805e+02
7.0039358708e+02 2.2717208450e+02
7.0289458640e+02 2.2778240745e+02
7.0539722549e+02 2.2839209012e+02
7.0790149828e+02 2.2900116486e+02
7.1040739882e+02 2.2960966318e+02
7.1291492128e+02 2.3021761574e+02
7.1542405992e+02 2.3082505239e+02
7.1793480914e+02 2.3143200219e+02
7.2044716342e+02 2.3203849346e+02
7.2296111735e+02 2.3264455375e+02
7.2547666563e+02 2.3325020988e+02
7.2799380304e+02 2.3385548803e+02
7.3051252448e+02 2.3446041359e+02
7.3303282490e+02 2.3506501138e+02
7.3555469940e+02 2.3566930554e+02
7.3807814310e+02 2.3627331953e+02
7.4060315126e+02 2.3687707628e+02
7.4312971920e+02 2.3748059810e+02
7.4565784232e+02 2.3808390667e+02
7.4818751610e+02 2.3868702317e+02
7.5071873610e+02 2.3928996820e+02
7.5325149795e+02 2.3989276181e+02
7.5578579736e+02 2.4049542358e+02
7.5832163010e+02 2.4109797254e+02
7.6085899203e+02 2.4170042725e+02
7.6339787904e+02 2.4230280579e+02
7.6593828713e+02 2.4290512576e+02
7.6848021234e+02 2.4350740431e+02
7.7102365077e+02 2.4410965816e+02
7.7356859858e+02 2.4471190361e+02
7.7611505201e+02 2.4531415652e+02
7.7866300733e+02 2.4591643233e+02
7.8121246089e+02 2.4651874613e+02
7.8376340908e+02 2.4712111258e+02
7.8631584835e+02 2.4772354601e+02
7.8886977520e+02 2.4832606034e+02
7.9142518619e+02 2.4892866911e+02
7.9398207791e+02 2.4953138561e+02
7.9654044701e+02 2.5013422273e+02
7.9910029020e+02 2.5073719303e+02
8.0166160422e+02 2.5134030873e+02
8.0422438586e+02 2.5194358180e+02
8.0678863195e+02 2.5254702385e+02
8.0935433937e+02 2.5315064623e+02
8.1192150504e+02 2.5375445997e+02
8.1449012591e+02 2.5435847585e+02
8.1706019900e+02 2.5496270436e+02
8.1963172134e+02 2.5556715572e+02
8.2220469001e+02 2.5617183989e+02
8.2477910212e+02 2.5677676659e+02
8.2735495483e+02 2.5738194529e+02
8.2993224532e+02 2.5798738519e+02
8.3251097081e+02 2.5859309531e+02
8.3509112857e+02 2.5919908441e+02
8.3767271589e+02 2.5980536101e+02
8.4025573008e+02 2.6041193342e+02
8.4284016850e+02 2.6101880980e+02
8.4542602853e+02 2.6162599801e+02
8.4801330760e+02 2.6223350576e+02
8.5060200315e+02 2.6284134059e+02
8.5319211265e+02 2.6344950977e+02
8.5578363361e+02 2.6405802045e+02
8.5837656355e+02 2.6466687955e+02
8.6097090005e+02 2.6527609391e+02
8.6356664067e+02 2.6588567008e+02
8.6616378304e+02 2.6649561445e+02
8.6876232479e+02 2.6710593334e+02
8.7136226359e+02 2.6771663286e+02
8.7396359711e+02 2.6832771892e+02
8.7656632307e+02 2.6893919734e+02
8.7917043920e+02 2.6955107375e+02
8.8177594326e+02 2.7016335364e+02
8.8438283303e+02 2.7077604240e+02
8.8699110631e+02 2.7138914524e+02
8.8960076092e+02 2.7200266723e+02
8.9221179470e+02 2.7261661334e+02
8.9482420553e+02 2.7323098837e+02
8.9743799127e+02 2.7384579705e+02
9.0005314985e+02 2.7446104396e+02
9.0266967917e+02 2.7507673351e+02
9.0528757719e+02 2.7569287008e+02
9.0790684186e+02 2.7630945792e+02
9.1052747116e+02 2.7692650111e+02
9.1314946310e+02 2.7754400364e+02
9.1577281568e+02 2.7816196945e+02
9.1839752693e+02 2.7878040235e+02
9.2102359492e+02 2.7939930600e+02
9.2365101770e+02 2.8001868400e+02
9.2627979334e+02 2.8063853987e+02
9.2890991996e+02 2.8125887702e+02
9.3154139567e+02 2.8187969878e+02
9.3417421858e+02 2.8250100837e+02
9.3680838685e+02 2.8312280889e+02
9.3944389864e+02 2.8374510343e+02
9.4208075211e+02 2.8436789499e+02
9.4471894545e+02 2.8499118644e+02
9.4735847687e+02 2.8561498055e+02
9.4999934457e+02 2.8623928011e+02
9.5264154679e+02 2.8686408773e+02
9.5528508176e+02 2.8748940602e+02
9.5792994774e+02 2.8811523754e+02
9.6057614299e+02 2.8874158466e+02
9.6322366580e+02 2.8936844972e+02
9.6587251446e+02 2.8999583510e+02
9.6852268726e+02 2.9062374304e+02
9.7117418252e+02 2.9125217567e+02
9.7382699858e+02 2.9188113513e+02
9.7648113376e+02 2.9251062342e+02
9.7913658641e+02 2.9314064256e+02
9.8179335490e+02 2.9377119456e+02
9.8445143760e+02 2.9440228119e+02
9.8711083288e+02 2.9503390422e+02
9.8977153914e+02 2.9566606555e+02
9.9243355478e+02 2.9629876685e+02
9.9509687821e+02 2.9693200973e+02
9.9776150786e+02 2.9756579581e+02
1.0004274422e+03 2.9820012660e+02
1.0030946795e+03 2.9883500371e+02
1.0057632185e+03 2.9947042860e+02
1.0084330574e+03 3.0010640258e+02
1.0111041948e+03 3.0074292700e+02
1.0137766291e+03 3.0138000332e+02
1.0164503588e+03 3.0201763275e+02
1.0191253825e+03 3.0265581647e+02
1.0218016986e+03 3.0329455579e+02
1.0244793057e+03 3.0393385177e+02
1.0271582022e+03 3.0457370551e+02
1.0298383868e+03 3.0521411815e+02
1.0325198578e+03 3.0585545381e+02
