# MeV/fm^3               MeV/fm^3
# energy_density         pressure
1.5015805175e-04 8.7995928020e-08
1.5061818290e+00 5.6075228417e-04
3.0133346047e+00 1.6039807101e-03
4.5209699764e+00 2.4473979037e-03
6.0288458715e+00 3.0064902372e-03
7.5368209118e+00 3.2166966892e-03
9.0448007164e+00 3.0408248914e-03
1.0552717928e+01 2.4623652548e-03
1.2060523519e+01 1.4721932250e-03
1.3568179238e+01 6.3727217178e-05
1.5075655188e+01 -1.7608678279e-03
1.6582928015e+01 -3.9939174360e-03
1.8089979494e+01 -6.6240358005e-03
1.9596795526e+01 -9.6367303715e-03
2.1103365406e+01 -1.3014838858e-02
2.2609681272e+01 -1.6738852437e-02
2.4115737686e+01 -2.0787159175e-02
2.5621531301e+01 -2.5136230095e-02
2.7127060604e+01 -2.9760762942e-02
2.8632325702e+01 -3.4633794099e-02
3.0137328151e+01 -3.9726786248e-02
3.1642070820e+01 -4.5009697055e-02
3.3146557767e+01 -5.0451032657e-02
3.4650794147e+01 -5.6017889394e-02
3.6154786127e+01 -6.1675985826e-02
3.7658540818e+01 -6.7389686490e-02
3.9162066213e+01 -7.3122019230e-02
4.0665371137e+01 -7.8834686957e-02
4.2168465207e+01 -8.4488074503e-02
4.3671358790e+01 -9.0041251855e-02
4.5174062970e+01 -9.5451973391e-02
4.6676589525e+01 -1.0067667429e-01
4.8178950900e+01 -1.0567046446e-01
4.9681160182e+01 -1.1038711981e-01
5.1183231090e+01 -1.1477907164e-01
5.2685177954e+01 -1.1879739376e-01
5.4187015700e+01 -1.2239178822e-01
5.5688759845e+01 -1.2551056941e-01
5.7190426479e+01 -1.2810064653e-01
5.8692032264e+01 -1.3010750472e-01
6.0193594422e+01 -1.3147518475e-01
6.1695130733e+01 -1.3214626198e-01
6.3196659526e+01 -1.3206182387e-01
6.4698199678e+01 -1.3116144613e-01
6.6199770613e+01 -1.2938316846e-01
6.7701392296e+01 -1.2666346851e-01
6.9203085234e+01 -1.2293723510e-01
7.0704870475e+01 -1.1813774161e-01
7.2206769610e+01 -1.1219661648e-01
7.3708804771e+01 -1.0504381380e-01
7.5210998632e+01 -9.6607583504e-02
7.6713374416e+01 -8.6814439569e-02
7.8215955888e+01 -7.5589128676e-02
7.9718767369e+01 -6.2854596391e-02
8.1221833729e+01 -4.8531953402e-02
8.2725180397e+01 -3.2540441233e-02
8.4228833362e+01 -1.4797396177e-02
8.5732819179e+01 4.7817865970e-03
8.7237164971e+01 2.6283691246e-02
8.8741898438e+01 4.9796918735e-02
9.0247047858e+01 7.5412125911e-02
9.1752642096e+01 1.0322206646e-01
9.3258710608e+01 1.3332163032e-01
9.4765283448e+01 1.6580788637e-01
9.6272391273e+01 2.0078012515e-01
9.7780065353e+01 2.3833990188e-01
9.9288337573e+01 2.7859108104e-01
1.0079724045e+02 3.2163988157e-01
1.0230680712e+02 3.6759492432e-01
1.0381707137e+02 4.1656727809e-01
1.0532806764e+02 4.6867050752e-01
1.0683983101e+02 5.2402072387e-01
1.0835239724e+02 5.8273663373e-01
1.0986580275e+02 6.4493959082e-01
1.1138008467e+02 7.1075364832e-01
1.1289528078e+02 7.8030561097e-01
1.1441142960e+02 8.5372508979e-01
1.1592857034e+02 9.3114455807e-01
1.1744674294e+02 1.0126994071e+00
1.1896598806e+02 1.0985280023e+00
1.2048634710e+02 1.1887717427e+00
1.2200786223e+02 1.2835751208e+00
1.2353057637e+02 1.3830857824e+00
1.2505453321e+02 1.4874545883e+00
1.2657977723e+02 1.5968356775e+00
1.2810635370e+02 1.7113865307e+00
1.2963430871e+02 1.8312680352e+00
1.3116368915e+02 1.9566445522e+00
1.3269454276e+02 2.0876839832e+00
1.3422691810e+02 2.2245578391e+00
1.3576086462e+02 2.3674413108e+00
1.3729643261e+02 2.5165133384e+00
1.3883367325e+02 2.6719566855e+00
1.4037263862e+02 2.8339580124e+00
1.4191338170e+02 3.0027079491e+00
1.4345595640e+02 3.1784011751e+00
1.4500041756e+02 3.3612364940e+00
1.4654682098e+02 3.5514169125e+00
1.4809522341e+02 3.7491497233e+00
1.4964568258e+02 3.9546465838e+00
1.5119825723e+02 4.1681235987e+00
1.5275300710e+02 4.3898014076e+00
1.5430999294e+02 4.6199052679e+00
1.5586927656e+02 4.8586651421e+00
1.5743092082e+02 5.1060856961e+00
1.5899498523e+02 5.3617922547e+00
1.6056152313e+02 5.6261011853e+00
1.6213059783e+02 5.8997257827e+00
1.6370227391e+02 6.1829125752e+00
1.6527661689e+02 6.4758883312e+00
1.6685369314e+02 6.7788822231e+00
1.6843356994e+02 7.0921256936e+00
1.7001631545e+02 7.4158522979e+00
1.7160199869e+02 7.7502975450e+00
1.7319068957e+02 8.0956987135e+00
1.7478245885e+02 8.4522946446e+00
1.7637737817e+02 8.8203255199e+00
1.7797551996e+02 9.2000326235e+00
1.7957695753e+02 9.5916580742e+00
1.8118176497e+02 9.9954445347e+00
1.8279001718e+02 1.0411634899e+01
1.8440178983e+02 1.0840471956e+01
1.8601715934e+02 1.1282198017e+01
1.8763620288e+02 1.1737054520e+01
1.8925899830e+02 1.2205281608e+01
1.9088562413e+02 1.2687117662e+01
1.9251615957e+02 1.3182798809e+01
1.9415068438e+02 1.3692558399e+01
1.9578927893e+02 1.4216626437e+01
1.9743202409e+02 1.4755228984e+01
1.9907900124e+02 1.5308587510e+01
2.0073029216e+02 1.5876918218e+01
2.0238597903e+02 1.6460431319e+01
2.0404614435e+02 1.7059330272e+01
2.0571087089e+02 1.7673810971e+01
2.0738024160e+02 1.8304060890e+01
2.0905433956e+02 1.8950258203e+01
2.1073324793e+02 1.9612570830e+01
2.1241704980e+02 2.0291155461e+01
2.1410582817e+02 2.0986156539e+01
2.1579966585e+02 2.1697705183e+01
2.1749864534e+02 2.2425918091e+01
2.1920284874e+02 2.3170896391e+01
2.2091235766e+02 2.3932724476e+01
2.2262725310e+02 2.4711468790e+01
2.2434761531e+02 2.5507176593e+01
2.2607352371e+02 2.6319874714e+01
2.2780505676e+02 2.7149568278e+01
2.2954229177e+02 2.7996239430e+01
2.3128530483e+02 2.8859846068e+01
2.3303417065e+02 2.9740320560e+01
2.3478896238e+02 3.0637568513e+01
2.3654975152e+02 3.1551467553e+01
2.3831660769e+02 3.2481866141e+01
2.4008959854e+02 3.3428582470e+01
2.4186878955e+02 3.4391403410e+01
2.4365424390e+02 3.5370083554e+01
2.4544602223e+02 3.6364344349e+01
2.4724418259e+02 3.7373873358e+01
2.4904878016e+02 3.8398323660e+01
2.5085986716e+02 3.9437313390e+01
2.5267749265e+02 4.0490425463e+01
2.5450170239e+02 4.1557207468e+01
2.5633253867e+02 4.2637171781e+01
2.5817004015e+02 4.3729795899e+01
2.6001424175e+02 4.4834522988e+01
2.6186517446e+02 4.5950762692e+01
2.6372286527e+02 4.7077892203e+01
2.6558733700e+02 4.8215257571e+01
2.6745860822e+02 4.9362175300e+01
2.6933669317e+02 5.0517934210e+01
2.7122160163e+02 5.1681797552e+01
2.7311333891e+02 5.2853005394e+01
2.7501190576e+02 5.4030777239e+01
2.7691729837e+02 5.5214314886e+01
2.7882950832e+02 5.6402805492e+01
2.8074852262e+02 5.7595424828e+01
2.8267432372e+02 5.8791340675e+01
2.8460688954e+02 5.9989716369e+01
2.8654619353e+02 6.1189714402e+01
2.8849220478e+02 6.2390500115e+01
2.9044488809e+02 6.3591245365e+01
2.9240420410e+02 6.4791132177e+01
2.9437010941e+02 6.5989356344e+01
2.9634255677e+02 6.7185130877e+01
2.9832149518e+02 6.8377689344e+01
3.0030687014e+02 6.9566288998e+01
3.0229862379e+02 7.0750213691e+01
3.0429669515e+02 7.1928776553e+01
3.0630102030e+02 7.3101322391e+01
3.0831153263e+02 7.4267229765e+01
3.1032816305e+02 7.5425912809e+01
3.1235084021e+02 7.6576822693e+01
3.1437949077e+02 7.7719448780e+01
3.1641403956e+02 7.8853319450e+01
3.1845440990e+02 7.9978002625e+01
3.2050052375e+02 8.1093105985e+01
3.2255230199e+02 8.2198276854e+01
3.2460966460e+02 8.3293201878e+01
3.2667253089e+02 8.4377606399e+01
3.2874081969e+02 8.5451253613e+01
3.3081444955e+02 8.6513943546e+01
3.3289333895e+02 8.7565511802e+01
3.3497740642e+02 8.8605828183e+01
3.3706657074e+02 8.9634795200e+01
3.3916075109e+02 9.0652346441e+01
3.4125986721e+02 9.1658444868e+01
3.4336383947e+02 9.2653081087e+01
3.4547258905e+02 9.3636271552e+01
3.4758603802e+02 9.4608056754e+01
3.4970410947e+02 9.5568499413e+01
3.5182672752e+02 9.6517682726e+01
3.5395381750e+02 9.7455708590e+01
3.5608530595e+02 9.8382695884e+01
3.5822112069e+02 9.9298778829e+01
3.6036119087e+02 1.0020410540e+02
3.6250544704e+02 1.0109883579e+02
3.6465382113e+02 1.0198314093e+02
3.6680624655e+02 1.0285720117e+02
3.6896265813e+02 1.0372120495e+02
3.7112299219e+02 1.0457534755e+02
3.7328718653e+02 1.0541983002e+02
3.7545518043e+02 1.0625485807e+02
3.7762691466e+02 1.0708064113e+02
3.7980233145e+02 1.0789739141e+02
3.8198137453e+02 1.0870532309e+02
3.8416398905e+02 1.0950465158e+02
3.8635012163e+02 1.1029559278e+02
3.8853972029e+02 1.1107836253e+02
3.9073273447e+02 1.1185317599e+02
3.9292911498e+02 1.1262024713e+02
3.9512881398e+02 1.1337978831e+02
3.9733178496e+02 1.1413200989e+02
3.9953798272e+02 1.1487711985e+02
4.0174736335e+02 1.1561532345e+02
4.0395988414e+02 1.1634682303e+02
4.0617550366e+02 1.1707181775e+02
4.0839418160e+02 1.1779050334e+02
4.1061587887e+02 1.1850307203e+02
4.1284055748e+02 1.1920971237e+02
4.1506818053e+02 1.1991060905e+02
4.1729871220e+02 1.2060594290e+02
4.1953211773e+02 1.2129589084e+02
4.2176836332e+02 1.2198062573e+02
4.2400741621e+02 1.2266031641e+02
4.2624924455e+02 1.2333512771e+02
4.2849381742e+02 1.2400522036e+02
4.3074110482e+02 1.2467075108e+02
4.3299107759e+02 1.2533187258e+02
4.3524370744e+02 1.2598873359e+02
4.3749896688e+02 1.2664147886e+02
4.3975682921e+02 1.2729024930e+02
4.4201726850e+02 1.2793518195e+02
4.4428025956e+02 1.2857641005e+02
4.4654577793e+02 1.2921406314e+02
4.4881379984e+02 1.2984826713e+02
4.5108430217e+02 1.3047914429e+02
4.5335726249e+02 1.3110681343e+02
4.5563265897e+02 1.3173138990e+02
4.5791047041e+02 1.3235298571e+02
4.6019067618e+02 1.3297170959e+02
4.6247325624e+02 1.3358766705e+02
4.6475819109e+02 1.3420096048e+02
4.6704546177e+02 1.3481168924e+02
4.6933504982e+02 1.3541994972e+02
4.7162693730e+02 1.3602583540e+02
4.7392110675e+02 1.3662943699e+02
4.7621754117e+02 1.3723084244e+02
4.7851622401e+02 1.3783013703e+02
4.8081713917e+02 1.3842740347e+02
4.8312027095e+02 1.3902272200e+02
4.8542560408e+02 1.3961617036e+02
4.8773312368e+02 1.4020782396e+02
4.9004281524e+02 1.4079775589e+02
4.9235466463e+02 1.4138603703e+02
4.9466865809e+02 1.4197273611e+02
4.9698478218e+02 1.4255791972e+02
4.9930302382e+02 1.4314165246e+02
5.0162337023e+02 1.4372399694e+02
5.0394580897e+02 1.4430501383e+02
5.0627032787e+02 1.4488476200e+02
5.0859691509e+02 1.4546329851e+02
5.1092555906e+02 1.4604067864e+02
5.1325624846e+02 1.4661695602e+02
5.1558897228e+02 1.4719218263e+02
5.1792371974e+02 1.4776640889e+02
5.2026048032e+02 1.4833968366e+02
5.2259924374e+02 1.4891205434e+02
5.2493999994e+02 1.4948356684e+02
5.2728273910e+02 1.5005426573e+02
5.2962745164e+02 1.5062419424e+02
5.3197412815e+02 1.5119339421e+02
5.3432275946e+02 1.5176190630e+02
5.3667333658e+02 1.5232976991e+02
5.3902585073e+02 1.5289702324e+02
5.4138029331e+02 1.5346370334e+02
5.4373665590e+02 1.5402984618e+02
5.4609493025e+02 1.5459548661e+02
5.4845510830e+02 1.5516065846e+02
5.5081718214e+02 1.5572539452e+02
5.5318114402e+02 1.5628972664e+02
5.5554698637e+02 1.5685368566e+02
5.5791470174e+02 1.5741730155e+02
5.6028428284e+02 1.5798060340e+02
5.6265572253e+02 1.5854361938e+02
5.6502901379e+02 1.5910637685e+02
5.6740414976e+02 1.5966890237e+02
5.6978112369e+02 1.6023122169e+02
5.7215992897e+02 1.6079335982e+02
5.7454055909e+02 1.6135534102e+02
5.7692300769e+02 1.6191718884e+02
5.7930726850e+02 1.6247892614e+02
5.8169333539e+02 1.6304057510e+02
5.8408120230e+02 1.6360215725e+02
5.8647086332e+02 1.6416369350e+02
5.8886231261e+02 1.6472520413e+02
5.9125554445e+02 1.6528670883e+02
5.9365055320e+02 1.6584822673e+02
5.9604733335e+02 1.6640977638e+02
5.9844587943e+02 1.6697137583e+02
6.0084618611e+02 1.6753304256e+02
6.0324824811e+02 1.6809479354e+02
6.0565206027e+02 1.6865664530e+02
6.0805761747e+02 1.6921861383e+02
6.1046491470e+02 1.6978071469e+02
6.1287394703e+02 1.7034296299e+02
6.1528470959e+02 1.7090537341e+02
6.1769719759e+02 1.7146796016e+02
6.2011140633e+02 1.7203073708e+02
6.2252733115e+02 1.7259371763e+02
6.2494496747e+02 1.7315691482e+02
6.2736431079e+02 1.7372034132e+02
6.2978535666e+02 1.7428400945e+02
6.3220810069e+02 1.7484793117e+02
6.3463253858e+02 1.7541211806e+02
6.3705866605e+02 1.7597658141e+02
6.3948647891e+02 1.7654133215e+02
6.4191597301e+02 1.7710638094e+02
6.4434714426e+02 1.7767173808e+02
6.4677998863e+02 1.7823741362e+02
6.4921450213e+02 1.7880341731e+02
6.5165068084e+02 1.7936975858e+02
6.5408852088e+02 1.7993644666e+02
6.5652801841e+02 1.8050349046e+02
6.5896916965e+02 1.8107089863e+02
6.6141197088e+02 1.8163867962e+02
6.6385641839e+02 1.8220684162e+02
6.6630250854e+02 1.8277539254e+02
6.6875023774e+02 1.8334434011e+02
6.7119960241e+02 1.8391369182e+02
6.7365059905e+02 1.8448345496e+02
6.7610322418e+02 1.8505363658e+02
6.7855747436e+02 1.8562424354e+02
6.8101334618e+02 1.8619528253e+02
6.8347083630e+02 1.8676676000e+02
6.8592994139e+02 1.8733868222e+02
6.8839065815e+02 1.8791105533e+02
6.9085298334e+02 1.8848388522e+02
6.9331691374e+02 1.8905717764e+02
6.9578244617e+02 1.8963093822e+02
6.9824957746e+02 1.9020517233e+02
7.0071830452e+02 1.9077988523e+02
7.0318862424e+02 1.9135508205e+02
7.0566053358e+02 1.9193076776e+02
7.0813402950e+02 1.9250694714e+02
7.1060910901e+02 1.9308362487e+02
7.1308576915e+02 1.9366080549e+02
7.1556400698e+02 1.9423849337e+02
7.1804381958e+02 1.9481669280e+02
7.2052520407e+02 1.9539540791e+02
7.2300815760e+02 1.9597464270e+02
7.2549267733e+02 1.9655440109e+02
7.2797876046e+02 1.9713468682e+02
7.3046640420e+02 1.9771550358e+02
7.3295560581e+02 1.9829685491e+02
7.3544636256e+02 1.9887874423e+02
7.3793867172e+02 1.9946117489e+02
7.4043253063e+02 2.0004415014e+02
7.4292793661e+02 2.0062767310e+02
7.4542488704e+02 2.0121174678e+02
7.4792337928e+02 2.0179637415e+02
7.5042341074e+02 2.0238155807e+02
7.5292497885e+02 2.0296730125e+02
7.5542808106e+02 2.0355360637e+02
7.5793271482e+02 2.0414047605e+02
7.6043887762e+02 2.0472791277e+02
7.6294656698e+02 2.0531591894e+02
7.6545578040e+02 2.0590449692e+02
7.6796651544e+02 2.0649364895e+02
7.7047876965e+02 2.0708337724e+02
7.7299254061e+02 2.0767368391e+02
7.7550782592e+02 2.0826457099e+02
7.7802462320e+02 2.0885604044e+02
7.8054293006e+02 2.0944809421e+02
7.8306274418e+02 2.1004073412e+02
7.8558406320e+02 2.1063396194e+02
7.8810688480e+02 2.1122777941e+02
7.9063120669e+02 2.1182218816e+02
7.9315702658e+02 2.1241718979e+02
7.9568434219e+02 2.1301278586e+02
7.9821315127e+02 2.1360897783e+02
8.0074345157e+02 2.1420576712e+02
8.0327524088e+02 2.1480315514e+02
8.0580851696e+02 2.1540114317e+02
8.0834327764e+02 2.1599973250e+02
8.1087952071e+02 2.1659892432e+02
8.1341724402e+02 2.1719871987e+02
8.1595644539e+02 2.1779912023e+02
8.1849712270e+02 2.1840012644e+02
8.2103927380e+02 2.1900173959e+02
8.2358289659e+02 2.1960396068e+02
8.2612798894e+02 2.2020679063e+02
8.2867454878e+02 2.2081023032e+02
8.3122257401e+02 2.2141428065e+02
8.3377206258e+02 2.2201894246e+02
8.3632301242e+02 2.2262421650e+02
8.3887542149e+02 2.2323010355e+02
8.4142928776e+02 2.2383660432e+02
8.4398460920e+02 2.2444371946e+02
8.4654138381e+02 2.2505144961e+02
8.4909960957e+02 2.2565979543e+02
8.5165928452e+02 2.2626875745e+02
8.5422040666e+02 2.2687833624e+02
8.5678297403e+02 2.2748853231e+02
8.5934698468e+02 2.2809934610e+02
8.6191243665e+02 2.2871077811e+02
8.6447932801e+02 2.2932282872e+02
8.6704765684e+02 2.2993549837e+02
8.6961742121e+02 2.3054878739e+02
8.7218861923e+02 2.3116269612e+02
8.7476124899e+02 2.3177722493e+02
8.7733530861e+02 2.3239237401e+02
8.7991079621e+02 2.3300814369e+02
8.8248770992e+02 2.3362453419e+02
8.8506604788e+02 2.3424154565e+02
8.8764580825e+02 2.3485917840e+02
8.9022698917e+02 2.3547743251e+02
8.9280958881e+02 2.3609630813e+02
8.9539360536e+02 2.3671580544e+02
8.9797903700e+02 2.3733592445e+02
9.0056588192e+02 2.3795666530e+02
9.0315413831e+02 2.3857802806e+02
9.0574380440e+02 2.3920001273e+02
9.0833487840e+02 2.3982261935e+02
9.1092735853e+02 2.4044584794e+02
9.1352124303e+02 2.4106969847e+02
9.1611653014e+02 2.4169417091e+02
9.1871321810e+02 2.4231926519e+02
9.2131130519e+02 2.4294498126e+02
9.2391078965e+02 2.4357131902e+02
9.2651166977e+02 2.4419827842e+02
9.2911394382e+02 2.4482585932e+02
9.3171761010e+02 2.4545406152e+02
9.3432266689e+02 2.4608288495e+02
9.3692911249e+02 2.4671232950e+02
9.3953694522e+02 2.4734239488e+02
9.4214616339e+02 2.4797308094e+02
9.4475676532e+02 2.4860438751e+02
9.4736874935e+02 2.4923631436e+02
9.4998211381e+02 2.4986886123e+02
9.5259685704e+02 2.5050202794e+02
9.5521297739e+02 2.5113581423e+02
9.5783047322e+02 2.5177021977e+02
9.6044934290e+02 2.5240524429e+02
9.6306958478e+02 2.5304088762e+02
9.6569119725e+02 2.5367714938e+02
9.6831417869e+02 2.5431402920e+02
9.7093852749e+02 2.5495152687e+02
9.7356424205e+02 2.5558964205e+02
9.7619132075e+02 2.5622837432e+02
9.7881976201e+02 2.5686772338e+02
9.8144956425e+02 2.5750768889e+02
9.8408072588e+02 2.5814827047e+02
9.8671324533e+02 2.5878946773e+02
9.8934712102e+02 2.5943128030e+02
9.9198235140e+02 2.6007370781e+02
9.9461893490e+02 2.6071674981e+02
9.9725686997e+02 2.6136040589e+02
9.9989615508e+02 2.6200467569e+02
1.0025367887e+03 2.6264955875e+02
1.0051787692e+03 2.6329505461e+02
1.0078220952e+03 2.6394116287e+02
1.0104667650e+03 2.6458788308e+02
1.0131127773e+03 2.6523521482e+02
1.0157601304e+03 2.6588315753e+02
1.0184088228e+03 2.6653171082e+02
1.0210588531e+03 2.6718087423e+02
1.0237102198e+03 2.6783064722e+02
1.0263629213e+03 2.6848102936e+02
1.0290169562e+03 2.6913202013e+02
1.0316723230e+03 2.6978361904e+02
1.0343290202e+03 2.7043582561e+02
1.0369870463e+03 2.7108863930e+02
1.0396463999e+03 2.7174205962e+02
1.0423070796e+03 2.7239608607e+02
1.0449690837e+03 2.7305071806e+02
1.0476324110e+03 2.7370595512e+02
1.0502970600e+03 2.7436179669e+02
1.0529630291e+03 2.7501824230e+02
1.0556303170e+03 2.7567564923e+02
