# MeV/fm^3               MeV/fm^3
# energy_density         pressure
1.5015804710e-04 6.7934037461e-08
1.5055402517e+00 1.2013456963e-04
3.0111704308e+00 1.3838714978e-05
4.5165742706e+00 -8.1830290213e-04
6.0215742631e+00 -2.4425047579e-03
7.5260650629e+00 -4.9105469388e-03
9.0299760218e+00 -8.2517195600e-03
1.0533256477e+01 -1.2482524682e-02
1.2035868581e+01 -1.7611222366e-02
1.3537783336e+01 -2.3640240216e-02
1.5038978190e+01 -3.0567643448e-02
1.6539435488e+01 -3.8388086135e-02
1.8039141407e+01 -4.7093455642e-02
1.9538085208e+01 -5.6673325210e-02
2.1036258688e+01 -6.7115281120e-02
2.2533655770e+01 -7.8405164648e-02
2.4030272182e+01 -9.0527254364e-02
2.5526105220e+01 -1.0346440547e-01
2.7021153543e+01 -1.1719815741e-01
2.8515417022e+01 -1.3170881778e-01
3.0008896608e+01 -1.4697552787e-01
3.1501594229e+01 -1.6297631418e-01
3.2993512702e+01 -1.7968812845e-01
3.4484655658e+01 -1.9708687891e-01
3.5975027485e+01 -2.1514745422e-01
3.7464633269e+01 -2.3384374120e-01
3.8953478757e+01 -2.5314863792e-01
4.0441570313e+01 -2.7303406228e-01
4.1928914888e+01 -2.9347095719e-01
4.3415519994e+01 -3.1442929276e-01
4.4901393673e+01 -3.3587806582e-01
4.6386544484e+01 -3.5778529719e-01
4.7870981480e+01 -3.8011802666e-01
4.9354714193e+01 -4.0284230671e-01
5.0837752622e+01 -4.2592319401e-01
5.2320107219e+01 -4.4932473996e-01
5.3801788883e+01 -4.7300997979e-01
5.5282808945e+01 -4.9694091995e-01
5.6763179167e+01 -5.2107852524e-01
5.8242911731e+01 -5.4538270421e-01
5.9722019238e+01 -5.6981229386e-01
6.1200514699e+01 -5.9432504321e-01
6.2678411537e+01 -6.1887759624e-01
6.4155723579e+01 -6.4342547389e-01
6.5632465058e+01 -6.6792305515e-01
6.7108650609e+01 -6.9232355725e-01
6.8584295269e+01 -7.1657901532e-01
7.0059414479e+01 -7.4064026158e-01
7.1534024079e+01 -7.6445690280e-01
7.3008140313e+01 -7.8797729800e-01
7.4481779831e+01 -8.1114853525e-01
7.5954959683e+01 -8.3391640724e-01
7.7427697331e+01 -8.5622538685e-01
7.8900010644e+01 -8.7801860143e-01
8.0371917902e+01 -8.9923780667e-01
8.1843437801e+01 -9.1982335980e-01
8.3314589451e+01 -9.3971419189e-01
8.4785392388e+01 -9.5884778014e-01
8.6255866569e+01 -9.7716011796e-01
8.7726032378e+01 -9.9458568578e-01
8.9195910636e+01 -1.0110574210e+00
9.0665522596e+01 -1.0265066862e+00
9.2134889956e+01 -1.0408632373e+00
9.3604034857e+01 -1.0540551918e+00
9.5072979894e+01 -1.0660089946e+00
9.6541748117e+01 -1.0766493842e+00
9.8010363037e+01 -1.0858993578e+00
9.9478848635e+01 -1.0936801358e+00
1.0094722936e+02 -1.0999111255e+00
1.0241553016e+02 -1.1045098833e+00
1.0388377643e+02 -1.1073920777e+00
1.0535199409e+02 -1.1084714495e+00
1.0682020956e+02 -1.1076597729e+00
1.0828844974e+02 -1.1048668151e+00
1.0975674206e+02 -1.1000002939e+00
1.1122511448e+02 -1.0929658367e+00
1.1269359545e+02 -1.0836669377e+00
1.1416221400e+02 -1.0720049121e+00
1.1563099967e+02 -1.0578788536e+00
1.1709998257e+02 -1.0411855873e+00
1.1856919335e+02 -1.0218196224e+00
1.2003866325e+02 -9.9967310726e-01
1.2150842406e+02 -9.7463577805e-01
1.2297850816e+02 -9.4659490990e-01
1.2444894855e+02 -9.1543526719e-01
1.2591977880e+02 -8.8103905167e-01
1.2739103309e+02 -8.4328584954e-01
1.2886274625e+02 -8.0205257850e-01
1.3033495371e+02 -7.5721343193e-01
1.3180769155e+02 -7.0863982442e-01
1.3328099651e+02 -6.5620033523e-01
1.3475490597e+02 -5.9976064862e-01
1.3622945801e+02 -5.3918349641e-01
1.3770469135e+02 -4.7432859744e-01
1.3918064544e+02 -4.0505259607e-01
1.4065736040e+02 -3.3120899969e-01
1.4213487710e+02 -2.5264811598e-01
1.4361323710e+02 -1.6921698688e-01
1.4509248272e+02 -8.0759322040e-02
1.4657265701e+02 1.2884565955e-02
1.4805380381e+02 1.1187783325e-01
1.4953596769e+02 2.1638717265e-01
1.5101919404e+02 3.2658288471e-01
1.5250352904e+02 4.4263895150e-01
1.5398901967e+02 5.6473311039e-01
1.5547571374e+02 6.9304692744e-01
1.5696365990e+02 8.2776587527e-01
1.5845290765e+02 9.6907941214e-01
1.5994350735e+02 1.1171810583e+00
1.6143551023e+02 1.2722684795e+00
1.6292896844e+02 1.4345435691e+00
1.6442393501e+02 1.6042125304e+00
1.6592046391e+02 1.7814859616e+00
1.6741861002e+02 1.9665789448e+00
1.6891842921e+02 2.1597111334e+00
1.7041997828e+02 2.3611068406e+00
1.7192331504e+02 2.5709951320e+00
1.7342849828e+02 2.7896099199e+00
1.7493558782e+02 3.0171900556e+00
1.7644464451e+02 3.2539794257e+00
1.7795573023e+02 3.5002270538e+00
1.7946890794e+02 3.7561871968e+00
1.8098424170e+02 4.0221194451e+00
1.8250179663e+02 4.2982888293e+00
1.8402163900e+02 4.5849659240e+00
1.8554383620e+02 4.8824269533e+00
1.8706845678e+02 5.1909539002e+00
1.8859557046e+02 5.5108346162e+00
1.9012524815e+02 5.8423629339e+00
1.9165756199e+02 6.1858387809e+00
1.9319258533e+02 6.5415682953e+00
1.9473039277e+02 6.9098639449e+00
1.9627106018e+02 7.2910446448e+00
1.9781466475e+02 7.6854358791e+00
1.9936128494e+02 8.0933698268e+00
2.0091100058e+02 8.5151854852e+00
2.0246389281e+02 8.9512287984e+00
2.0402004420e+02 9.4018527867e+00
2.0557953867e+02 9.8674081804e+00
2.0714246146e+02 1.0346173531e+01
2.0870886931e+02 1.0836535190e+01
2.1027882215e+02 1.1340332249e+01
2.1185240119e+02 1.1859253492e+01
2.1342968831e+02 1.2393556939e+01
2.1501076605e+02 1.2943496584e+01
2.1659571754e+02 1.3509321676e+01
2.1818462647e+02 1.4091275963e+01
2.1977757704e+02 1.4689596873e+01
2.2137465388e+02 1.5304514656e+01
2.2297594203e+02 1.5936251476e+01
2.2458152682e+02 1.6585020471e+01
2.2619149385e+02 1.7251024742e+01
2.2780592891e+02 1.7934456306e+01
2.2942491785e+02 1.8635495011e+01
2.3104854657e+02 1.9354307399e+01
2.3267690086e+02 2.0091045528e+01
2.3431006636e+02 2.0845845759e+01
2.3594812841e+02 2.1618827500e+01
2.3759117199e+02 2.2410091932e+01
2.3923928157e+02 2.3219720695e+01
2.4089254101e+02 2.4047774568e+01
2.4255103345e+02 2.4894292118e+01
2.4421484114e+02 2.5759288360e+01
2.4588404534e+02 2.6642753413e+01
2.4755872619e+02 2.7544651171e+01
2.4923896253e+02 2.8464917990e+01
2.5092483180e+02 2.9403461417e+01
2.5261640982e+02 3.0360158966e+01
2.5431377071e+02 3.1334856960e+01
2.5601698670e+02 3.2327369428e+01
2.5772612794e+02 3.3337477112e+01
2.5944126240e+02 3.4364926579e+01
2.6116245563e+02 3.5409429442e+01
2.6288977069e+02 3.6470661727e+01
2.6462326788e+02 3.7548263390e+01
2.6636300469e+02 3.8641838005e+01
2.6810903553e+02 3.9750952641e+01
2.6986141166e+02 4.0875137935e+01
2.7162018100e+02 4.2013888367e+01
2.7338538799e+02 4.3166662780e+01
2.7515707345e+02 4.4332885114e+01
2.7693527445e+02 4.5511945403e+01
2.7872002419e+02 4.6703200989e+01
2.8051135189e+02 4.7905978014e+01
2.8230928267e+02 4.9119573154e+01
2.8411383750e+02 5.0343255576e+01
2.8592503308e+02 5.1576269163e+01
2.8774288181e+02 5.2817834942e+01
2.8956739174e+02 5.4067153726e+01
2.9139856652e+02 5.5323408966e+01
2.9323640542e+02 5.6585769746e+01
2.9508090328e+02 5.7853393936e+01
2.9693205058e+02 5.9125431481e+01
2.9878983345e+02 6.0401027741e+01
3.0065423374e+02 6.1679326919e+01
3.0252522906e+02 6.2959475496e+01
3.0440279290e+02 6.4240625653e+01
3.0628689468e+02 6.5521938667e+01
3.0817749995e+02 6.6802588185e+01
3.1007457043e+02 6.8081763439e+01
3.1197806422e+02 6.9358672286e+01
3.1388793590e+02 7.0632544078e+01
3.1580413674e+02 7.1902632337e+01
3.1772661488e+02 7.3168217218e+01
3.1965531546e+02 7.4428607745e+01
3.2159018086e+02 7.5683143755e+01
3.2353115089e+02 7.6931197616e+01
3.2547816295e+02 7.8172175654e+01
3.2743115228e+02 7.9405519327e+01
3.2939005214e+02 8.0630706105e+01
3.3135479403e+02 8.1847250087e+01
3.3332530784e+02 8.3054702362e+01
3.3530152211e+02 8.4252651134e+01
3.3728336421e+02 8.5440721584e+01
3.3927076050e+02 8.6618575521e+01
3.4126363652e+02 8.7785910857e+01
3.4326191722e+02 8.8942460849e+01
3.4526552706e+02 9.0087993210e+01
3.4727439022e+02 9.1222309082e+01
3.4928843072e+02 9.2345241846e+01
3.5130757261e+02 9.3456655858e+01
3.5333174005e+02 9.4556445089e+01
3.5536085752e+02 9.5644531696e+01
3.5739484984e+02 9.6720864548e+01
3.5943364237e+02 9.7785417696e+01
3.6147716106e+02 9.8838188864e+01
3.6352533256e+02 9.9879197907e+01
3.6557808430e+02 1.0090848526e+02
3.6763534458e+02 1.0192611044e+02
3.6969704263e+02 1.0293215058e+02
3.7176310866e+02 1.0392669894e+02
3.7383347394e+02 1.0490986354e+02
3.7590807083e+02 1.0588176577e+02
3.7798683281e+02 1.0684253912e+02
3.8006969456e+02 1.0779232789e+02
3.8215659191e+02 1.0873128603e+02
3.8424746196e+02 1.0965957602e+02
3.8634224301e+02 1.1057736779e+02
3.8844087463e+02 1.1148483771e+02
3.9054329765e+02 1.1238216768e+02
3.9264945417e+02 1.1326954421e+02
3.9475928755e+02 1.1414715766e+02
3.9687274242e+02 1.1501520143e+02
3.9898976468e+02 1.1587387126e+02
4.0111030147e+02 1.1672336462e+02
4.0323430119e+02 1.1756388008e+02
4.0536171346e+02 1.1839561680e+02
4.0749248914e+02 1.1921877400e+02
4.0962658027e+02 1.2003355051e+02
4.1176394009e+02 1.2084014439e+02
4.1390452301e+02 1.2163875252e+02
4.1604828458e+02 1.2242957034e+02
4.1819518150e+02 1.2321279147e+02
4.2034517156e+02 1.2398860748e+02
4.2249821363e+02 1.2475720771e+02
4.2465426767e+02 1.2551877898e+02
4.2681329466e+02 1.2627350547e+02
4.2897525661e+02 1.2702156854e+02
4.3114011652e+02 1.2776314660e+02
4.3330783837e+02 1.2849841504e+02
4.3547838708e+02 1.2922754609e+02
4.3765172850e+02 1.2995070875e+02
4.3982782938e+02 1.3066806878e+02
4.4200665736e+02 1.3137978858e+02
4.4418818092e+02 1.3208602722e+02
4.4637236940e+02 1.3278694040e+02
4.4855919294e+02 1.3348268042e+02
4.5074862245e+02 1.3417339623e+02
4.5294062964e+02 1.3485923337e+02
4.5513518696e+02 1.3554033406e+02
4.5733226757e+02 1.3621683715e+02
4.5953184537e+02 1.3688887820e+02
4.6173389491e+02 1.3755658952e+02
4.6393839143e+02 1.3822010017e+02
4.6614531082e+02 1.3887953600e+02
4.6835462958e+02 1.3953501974e+02
4.7056632484e+02 1.4018667101e+02
4.7278037433e+02 1.4083460641e+02
4.7499675632e+02 1.4147893952e+02
4.7721544968e+02 1.4211978101e+02
4.7943643381e+02 1.4275723865e+02
4.8165968862e+02 1.4339141739e+02
4.8388519455e+02 1.4402241945e+02
4.8611293253e+02 1.4465034430e+02
4.8834288398e+02 1.4527528880e+02
4.9057503077e+02 1.4589734722e+02
4.9280935524e+02 1.4651661128e+02
4.9504584016e+02 1.4713317026e+02
4.9728446874e+02 1.4774711105e+02
4.9952522458e+02 1.4835851816e+02
5.0176809171e+02 1.4896747382e+02
5.0401305452e+02 1.4957405802e+02
5.0626009781e+02 1.5017834860e+02
5.0850920673e+02 1.5078042125e+02
5.1076036678e+02 1.5138034961e+02
5.1301356382e+02 1.5197820533e+02
5.1526878403e+02 1.5257405807e+02
5.1752601393e+02 1.5316797558e+02
5.1978524035e+02 1.5376002380e+02
5.2204645043e+02 1.5435026684e+02
5.2430963160e+02 1.5493876702e+02
5.2657477158e+02 1.5552558502e+02
5.2884185838e+02 1.5611077981e+02
5.3111088027e+02 1.5669440877e+02
5.3338182579e+02 1.5727652772e+02
5.3565468374e+02 1.5785719091e+02
5.3792944315e+02 1.5843645113e+02
5.4020609332e+02 1.5901435977e+02
5.4248462378e+02 1.5959096675e+02
5.4476502425e+02 1.6016632065e+02
5.4704728473e+02 1.6074046877e+02
5.4933139539e+02 1.6131345707e+02
5.5161734662e+02 1.6188533028e+02
5.5390512903e+02 1.6245613190e+02
5.5619473341e+02 1.6302590428e+02
5.5848615075e+02 1.6359468859e+02
5.6077937221e+02 1.6416252493e+02
5.6307438915e+02 1.6472945229e+02
5.6537119311e+02 1.6529550857e+02
5.6766977577e+02 1.6586073070e+02
5.6997012901e+02 1.6642515462e+02
5.7227224486e+02 1.6698881529e+02
5.7457611549e+02 1.6755174671e+02
5.7688173326e+02 1.6811398199e+02
5.7918909063e+02 1.6867555336e+02
5.8149818025e+02 1.6923649218e+02
5.8380899489e+02 1.6979682898e+02
5.8612152745e+02 1.7035659348e+02
5.8843577098e+02 1.7091581460e+02
5.9075171864e+02 1.7147452049e+02
5.9306936373e+02 1.7203273856e+02
5.9538869967e+02 1.7259049552e+02
5.9770972001e+02 1.7314781735e+02
6.0003241838e+02 1.7370472933e+02
6.0235678857e+02 1.7426125610e+02
6.0468282445e+02 1.7481742165e+02
6.0701052000e+02 1.7537324936e+02
6.0933986931e+02 1.7592876194e+02
6.1167086658e+02 1.7648398157e+02
6.1400350609e+02 1.7703892981e+02
6.1633778223e+02 1.7759362767e+02
6.1867368948e+02 1.7814809563e+02
6.2101122241e+02 1.7870235362e+02
6.2335037569e+02 1.7925642106e+02
6.2569114407e+02 1.7981031687e+02
6.2803352236e+02 1.8036405946e+02
6.3037750550e+02 1.8091766681e+02
6.3272308848e+02 1.8147115640e+02
6.3507026637e+02 1.8202454526e+02
6.3741903433e+02 1.8257785000e+02
6.3976938758e+02 1.8313108681e+02
6.4212132141e+02 1.8368427145e+02
6.4447483121e+02 1.8423741926e+02
6.4682991241e+02 1.8479054523e+02
6.4918656052e+02 1.8534366394e+02
6.5154477111e+02 1.8589678961e+02
6.5390453981e+02 1.8644993611e+02
6.5626586234e+02 1.8700311690e+02
6.5862873446e+02 1.8755634517e+02
6.6099315197e+02 1.8810963375e+02
6.6335911078e+02 1.8866299514e+02
6.6572660681e+02 1.8921644152e+02
6.6809563605e+02 1.8976998477e+02
6.7046619456e+02 1.9032363647e+02
6.7283827844e+02 1.9087740792e+02
6.7521188385e+02 1.9143131012e+02
6.7758700698e+02 1.9198535379e+02
6.7996364409e+02 1.9253954939e+02
6.8234179148e+02 1.9309390713e+02
6.8472144551e+02 1.9364843692e+02
6.8710260256e+02 1.9420314849e+02
6.8948525909e+02 1.9475805126e+02
6.9186941158e+02 1.9531315445e+02
6.9425505655e+02 1.9586846705e+02
6.9664219059e+02 1.9642399783e+02
6.9903081030e+02 1.9697975530e+02
7.0142091233e+02 1.9753574781e+02
7.0381249339e+02 1.9809198346e+02
7.0620555020e+02 1.9864847017e+02
7.0860007954e+02 1.9920521569e+02
7.1099607820e+02 1.9976222750e+02
7.1339354304e+02 2.0031951297e+02
7.1579247094e+02 2.0087707926e+02
7.1819285881e+02 2.0143493332e+02
7.2059470359e+02 2.0199308199e+02
7.2299800227e+02 2.0255153187e+02
7.2540275187e+02 2.0311028946e+02
7.2780894943e+02 2.0366936105e+02
7.3021659203e+02 2.0422875280e+02
7.3262567677e+02 2.0478847072e+02
7.3503620080e+02 2.0534852063e+02
7.3744816129e+02 2.0590890827e+02
7.3986155543e+02 2.0646963917e+02
7.4227638044e+02 2.0703071878e+02
7.4469263359e+02 2.0759215236e+02
7.4711031214e+02 2.0815394507e+02
7.4952941341e+02 2.0871610196e+02
7.5194993474e+02 2.0927862790e+02
7.5437187347e+02 2.0984152769e+02
7.5679522699e+02 2.1040480598e+02
7.5921999272e+02 2.1096846731e+02
7.6164616808e+02 2.1153251612e+02
7.6407375054e+02 2.1209695669e+02
7.6650273756e+02 2.1266179326e+02
7.6893312666e+02 2.1322702993e+02
7.7136491535e+02 2.1379267068e+02
7.7379810119e+02 2.1435871942e+02
7.7623268175e+02 2.1492517996e+02
7.7866865460e+02 2.1549205595e+02
7.8110601737e+02 2.1605935104e+02
7.8354476768e+02 2.1662706875e+02
7.8598490319e+02 2.1719521249e+02
7.8842642156e+02 2.1776378559e+02
7.9086932049e+02 2.1833279130e+02
7.9331359768e+02 2.1890223282e+02
7.9575925086e+02 2.1947211321e+02
7.9820627777e+02 2.2004243549e+02
8.0065467619e+02 2.2061320257e+02
8.0310444389e+02 2.2118441731e+02
8.0555557866e+02 2.2175608250e+02
8.0800807833e+02 2.2232820085e+02
8.1046194073e+02 2.2290077498e+02
8.1291716370e+02 2.2347380746e+02
8.1537374512e+02 2.2404730078e+02
8.1783168286e+02 2.2462125738e+02
8.2029097481e+02 2.2519567963e+02
8.2275161890e+02 2.2577056983e+02
8.2521361304e+02 2.2634593023e+02
8.2767695519e+02 2.2692176300e+02
8.3014164329e+02 2.2749807026e+02
8.3260767531e+02 2.2807485409e+02
8.3507504925e+02 2.2865211648e+02
8.3754376311e+02 2.2922985939e+02
8.4001381488e+02 2.2980808474e+02
8.4248520261e+02 2.3038679435e+02
8.4495792433e+02 2.3096599003e+02
8.4743197810e+02 2.3154567351e+02
8.4990736197e+02 2.3212584650e+02
8.5238407403e+02 2.3270651065e+02
8.5486211237e+02 2.3328766754e+02
8.5734147509e+02 2.3386931874e+02
8.5982216031e+02 2.3445146577e+02
8.6230416615e+02 2.3503411009e+02
8.6478749075e+02 2.3561725309e+02
8.6727213227e+02 2.3620089618e+02
8.6975808886e+02 2.3678504071e+02
8.7224535870e+02 2.3736968797e+02
8.7473393997e+02 2.3795483922e+02
8.7722383088e+02 2.3854049565e+02
8.7971502961e+02 2.3912665849e+02
8.8220753439e+02 2.3971332887e+02
8.8470134345e+02 2.4030050789e+02
8.8719645502e+02 2.4088819664e+02
8.8969286736e+02 2.4147639615e+02
8.9219057871e+02 2.4206510743e+02
8.9468958734e+02 2.4265433149e+02
8.9718989154e+02 2.4324406922e+02
8.9969148958e+02 2.4383432154e+02
9.0219437977e+02 2.4442508936e+02
9.0469856041e+02 2.4501637349e+02
9.0720402981e+02 2.4560817479e+02
9.0971078630e+02 2.4620049405e+02
9.1221882821e+02 2.4679333199e+02
9.1472815387e+02 2.4738668939e+02
9.1723876165e+02 2.4798056694e+02
9.1975064990e+02 2.4857496529e+02
9.2226381698e+02 2.4916988516e+02
9.2477826128e+02 2.4976532716e+02
9.2729398117e+02 2.5036129186e+02
9.2981097505e+02 2.5095777989e+02
9.3232924131e+02 2.5155479178e+02
9.3484877837e+02 2.5215232805e+02
9.3736958465e+02 2.5275038925e+02
9.3989165855e+02 2.5334897585e+02
9.4241499853e+02 2.5394808830e+02
9.4493960300e+02 2.5454772707e+02
9.4746547043e+02 2.5514789261e+02
9.4999259927e+02 2.5574858527e+02
9.5252098797e+02 2.5634980548e+02
9.5505063501e+02 2.5695155359e+02
9.5758153885e+02 2.5755382990e+02
9.6011369799e+02 2.5815663481e+02
9.6264711091e+02 2.5875996861e+02
9.6518177611e+02 2.5936383157e+02
9.6771769209e+02 2.5996822399e+02
9.7025485736e+02 2.6057314609e+02
9.7279327044e+02 2.6117859813e+02
9.7533292985e+02 2.6178458034e+02
9.7787383412e+02 2.6239109294e+02
9.8041598179e+02 2.6299813610e+02
9.8295937140e+02 2.6360570998e+02
9.8550400149e+02 2.6421381477e+02
9.8804987063e+02 2.6482245063e+02
9.9059697738e+02 2.6543161764e+02
9.9314532029e+02 2.6604131595e+02
9.9569489795e+02 2.6665154566e+02
9.9824570893e+02 2.6726230687e+02
1.0007977518e+03 2.6787359964e+02
1.0033510252e+03 2.6848542403e+02
1.0059055277e+03 2.6909812886e+02
