# MeV/fm^3               MeV/fm^3
# energy_density         pressure
1.5015805021e-04 7.8627256964e-08
1.5059551575e+00 4.2793474339e-04
3.0126156984e+00 1.1506327504e-03
4.5195711091e+00 1.5640176073e-03
6.0266055174e+00 1.5856530095e-03
7.5335914945e+00 1.1549976156e-03
9.0404439580e+00 2.3580295233e-04
1.0547101290e+01 -1.1986863155e-03
1.2053516030e+01 -3.1664951145e-03
1.3559651092e+01 -5.6767456138e-03
1.5065476930e+01 -8.7336528559e-03
1.6570969695e+01 -1.2337656886e-02
1.8076109986e+01 -1.6486191073e-02
1.9580881961e+01 -2.1174223009e-02
2.1085272690e+01 -2.6394646586e-02
2.2589271665e+01 -3.2138573088e-02
2.4092870425e+01 -3.8395551479e-02
2.5596062269e+01 -4.5153737763e-02
2.7098842018e+01 -5.2400026884e-02
2.8601205829e+01 -6.0120156293e-02
3.0103151045e+01 -6.8298788056e-02
3.1604676067e+01 -7.6919574139e-02
3.3105780251e+01 -8.5965208372e-02
3.4606463817e+01 -9.5417467812e-02
3.6106727781e+01 -1.0525724561e-01
3.7606573886e+01 -1.1546457671e-01
3.9106004553e+01 -1.2601865764e-01
4.0605022830e+01 -1.3689786165e-01
4.2103632359e+01 -1.4807974950e-01
4.3601837335e+01 -1.5954107652e-01
4.5099642481e+01 -1.7125779701e-01
4.6597053017e+01 -1.8320506587e-01
4.8094074644e+01 -1.9535723747e-01
4.9590713518e+01 -2.0768786288e-01
5.1086976238e+01 -2.2016968499e-01
5.2582869827e+01 -2.3277463195e-01
5.4078401720e+01 -2.4547380937e-01
5.5573579753e+01 -2.5823749040e-01
5.7068412155e+01 -2.7103510496e-01
5.8562907536e+01 -2.8383522789e-01
6.0057074882e+01 -2.9660556541e-01
6.1550923547e+01 -3.0931294068e-01
6.3044463250e+01 -3.2192327840e-01
6.4537704068e+01 -3.3440158832e-01
6.6030656434e+01 -3.4671194744e-01
6.7523331136e+01 -3.5881748132e-01
6.9015739310e+01 -3.7068034507e-01
7.0507892442e+01 -3.8226170228e-01
7.1999802367e+01 -3.9352170360e-01
7.3491481266e+01 -4.0441946454e-01
7.4982941670e+01 -4.1491304166e-01
7.6474196458e+01 -4.2495940826e-01
7.7965258856e+01 -4.3451442940e-01
7.9456142444e+01 -4.4353283467e-01
8.0946861151e+01 -4.5196819154e-01
8.2437429265e+01 -4.5977287690e-01
8.3927861429e+01 -4.6689804633e-01
8.5418172646e+01 -4.7329360564e-01
8.6908378282e+01 -4.7890817756e-01
8.8398494073e+01 -4.8368906978e-01
8.9888536123e+01 -4.8758224059e-01
9.1378520912e+01 -4.9053226421e-01
9.2868465301e+01 -4.9248229450e-01
9.4358386535e+01 -4.9337402650e-01
9.5848302248e+01 -4.9314765946e-01
9.7338230469e+01 -4.9174185479e-01
9.8828189630e+01 -4.8909369578e-01
1.0031819857e+02 -4.8513864423e-01
1.0180827653e+02 -4.7981049616e-01
1.0329844319e+02 -4.7304133620e-01
1.0478871865e+02 -4.6476148986e-01
1.0627912343e+02 -4.5489947449e-01
1.0776967852e+02 -4.4338194922e-01
1.0926040532e+02 -4.3013366228e-01
1.1075132572e+02 -4.1507739637e-01
1.1224246206e+02 -3.9813391376e-01
1.1373383717e+02 -3.7922189708e-01
1.1522547434e+02 -3.5825789061e-01
1.1671739736e+02 -3.3515623836e-01
1.1820963055e+02 -3.0982901946e-01
1.1970219870e+02 -2.8218598191e-01
1.2119512714e+02 -2.5213447435e-01
1.2268844175e+02 -2.1957937618e-01
1.2418216893e+02 -1.8442302276e-01
1.2567633565e+02 -1.4656513019e-01
1.2717096944e+02 -1.0590271702e-01
1.2866609841e+02 -6.2330022431e-02
1.3016175128e+02 -1.5738422746e-02
1.3165795735e+02 3.3983655484e-02
1.3315474654e+02 8.6950826395e-02
1.3465214943e+02 1.4328083799e-01
1.3615019723e+02 2.0309466804e-01
1.3764892179e+02 2.6651662527e-01
1.3914835568e+02 3.3367445277e-01
1.4064853213e+02 4.0469943476e-01
1.4214948508e+02 4.7972650887e-01
1.4365124922e+02 5.5889438202e-01
1.4515385995e+02 6.4234564900e-01
1.4665735345e+02 7.3022691684e-01
1.4816176669e+02 8.2268893404e-01
1.4966713740e+02 9.1988672429e-01
1.5117350417e+02 1.0219797236e+00
1.5268090638e+02 1.1291319252e+00
1.5418938432e+02 1.2415120275e+00
1.5569897912e+02 1.3592935900e+00
1.5720973282e+02 1.4826551937e+00
1.5872168840e+02 1.6117806050e+00
1.6023488976e+02 1.7468589538e+00
1.6174938181e+02 1.8880849081e+00
1.6326521042e+02 2.0356588642e+00
1.6478242251e+02 2.1897871387e+00
1.6630106602e+02 2.3506821693e+00
1.6782119001e+02 2.5185627278e+00
1.6934284461e+02 2.6936541335e+00
1.7086608110e+02 2.8761884805e+00
1.7239095194e+02 3.0664048739e+00
1.7391751075e+02 3.2645496727e+00
1.7544581242e+02 3.4708767468e+00
1.7697591308e+02 3.6856477392e+00
1.7850787018e+02 3.9091323393e+00
1.8004174249e+02 4.1416085741e+00
1.8157759015e+02 4.3833631042e+00
1.8311547472e+02 4.6346915314e+00
1.8465545921e+02 4.8958987242e+00
1.8619760812e+02 5.1672991559e+00
1.8774198748e+02 5.4492172522e+00
1.8928866492e+02 5.7419877549e+00
1.9083770968e+02 6.0459561075e+00
1.9238919266e+02 6.3614788449e+00
1.9394318650e+02 6.6889240088e+00
1.9549976561e+02 7.0286715829e+00
1.9705900622e+02 7.3811139335e+00
1.9862098644e+02 7.7466562829e+00
2.0018578632e+02 8.1257171974e+00
2.0175348790e+02 8.5187290909e+00
2.0332417528e+02 8.9261387652e+00
2.0489793467e+02 9.3474095453e+00
2.0647483979e+02 9.7815221003e+00
2.0805495955e+02 1.0229568270e+01
2.0963838139e+02 1.0693112272e+01
2.1122519460e+02 1.1172587606e+01
2.1281549030e+02 1.1668431525e+01
2.1440936145e+02 1.2181088759e+01
2.1600690285e+02 1.2711011146e+01
2.1760821116e+02 1.3258657180e+01
2.1921338491e+02 1.3824491499e+01
2.2082252448e+02 1.4408984263e+01
2.2243573214e+02 1.5012610444e+01
2.2405311198e+02 1.5635849017e+01
2.2567476997e+02 1.6279182041e+01
2.2730081386e+02 1.6943093595e+01
2.2893135323e+02 1.7628068592e+01
2.3056649941e+02 1.8334591454e+01
2.3220636544e+02 1.9063144623e+01
2.3385106603e+02 1.9814206906e+01
2.3550071750e+02 2.0588251635e+01
2.3715543769e+02 2.1385744653e+01
2.3881534592e+02 2.2207142088e+01
2.4048056282e+02 2.3052887914e+01
2.4215121028e+02 2.3923411306e+01
2.4382741130e+02 2.4819123765e+01
2.4550928987e+02 2.5740416003e+01
2.4719697078e+02 2.6687654598e+01
2.4889057946e+02 2.7661178419e+01
2.5059024180e+02 2.8661294809e+01
2.5229608393e+02 2.9688275542e+01
2.5400823197e+02 3.0742352570e+01
2.5572681180e+02 3.1823713570e+01
2.5745194878e+02 3.2932497317e+01
2.5918376744e+02 3.4068788898e+01
2.6092239118e+02 3.5232614841e+01
2.6266794194e+02 3.6423938159e+01
2.6442053979e+02 3.7642653412e+01
2.6618030261e+02 3.8888581794e+01
2.6794734566e+02 4.0161466358e+01
2.6972178118e+02 4.1460967470e+01
2.7150371791e+02 4.2786658525e+01
2.7329326070e+02 4.4138022090e+01
2.7509051004e+02 4.5514446521e+01
2.7689556156e+02 4.6915223198e+01
2.7870850562e+02 4.8339544469e+01
2.8052942677e+02 4.9786502416e+01
2.8235840338e+02 5.1255088555e+01
2.8419550709e+02 5.2744194528e+01
2.8604080248e+02 5.4252613944e+01
2.8789434657e+02 5.5779045354e+01
2.8975618849e+02 5.7322096448e+01
2.9162636914e+02 5.8880289523e+01
2.9350492081e+02 6.0452068148e+01
2.9539186702e+02 6.2035805052e+01
2.9728722222e+02 6.3629811136e+01
2.9919099169e+02 6.5232345543e+01
3.0110317140e+02 6.6841626611e+01
3.0302374801e+02 6.8455843571e+01
3.0495269886e+02 7.0073168852e+01
3.0688999208e+02 7.1691770694e+01
3.0883558675e+02 7.3309825960e+01
3.1078943308e+02 7.4925532829e+01
3.1275147274e+02 7.6537123213e+01
3.1472163914e+02 7.8142874675e+01
3.1669985783e+02 7.9741121566e+01
3.1868604696e+02 8.1330265339e+01
3.2068011767e+02 8.2908783793e+01
3.2268197470e+02 8.4475239107e+01
3.2469151682e+02 8.6028284671e+01
3.2670863745e+02 8.7566670570e+01
3.2873322518e+02 8.9089247724e+01
3.3076516435e+02 9.0594970745e+01
3.3280433563e+02 9.2082899470e+01
3.3485061657e+02 9.3552199275e+01
3.3690388215e+02 9.5002140308e+01
3.3896400531e+02 9.6432095651e+01
3.4103085746e+02 9.7841538586e+01
3.4310430898e+02 9.9230039088e+01
3.4518422967e+02 1.0059725965e+02
3.4727048918e+02 1.0194295059e+02
3.4936295740e+02 1.0326694491e+02
3.5146150486e+02 1.0456915294e+02
3.5356600301e+02 1.0584955669e+02
3.5567632458e+02 1.0710820419e+02
3.5779234381e+02 1.0834520379e+02
3.5991393672e+02 1.0956071852e+02
3.6204098131e+02 1.1075496061e+02
3.6417335771e+02 1.1192818615e+02
3.6631094840e+02 1.1308068997e+02
3.6845363829e+02 1.1421280085e+02
3.7060131484e+02 1.1532487687e+02
3.7275386817e+02 1.1641730117e+02
3.7491119109e+02 1.1749047796e+02
3.7707317917e+02 1.1854482881e+02
3.7923973076e+02 1.1958078926e+02
3.8141074703e+02 1.2059880574e+02
3.8358613194e+02 1.2159933276e+02
3.8576579226e+02 1.2258283031e+02
3.8794963756e+02 1.2354976165e+02
3.9013758013e+02 1.2450059123e+02
3.9232953503e+02 1.2543578284e+02
3.9452541996e+02 1.2635579811e+02
3.9672515527e+02 1.2726109502e+02
3.9892866391e+02 1.2815212669e+02
4.0113587134e+02 1.2902934036e+02
4.0334670550e+02 1.2989317649e+02
4.0556109675e+02 1.3074406796e+02
4.0777897776e+02 1.3158243946e+02
4.1000028354e+02 1.3240870696e+02
4.1222495128e+02 1.3322327730e+02
4.1445292033e+02 1.3402654784e+02
4.1668413214e+02 1.3481890620e+02
4.1891853017e+02 1.3560073011e+02
4.2115605986e+02 1.3637238729e+02
4.2339666851e+02 1.3713423538e+02
4.2564030530e+02 1.3788662191e+02
4.2788692113e+02 1.3862988434e+02
4.3013646864e+02 1.3936435018e+02
4.3238890211e+02 1.4009033702e+02
4.3464417741e+02 1.4080815267e+02
4.3690225195e+02 1.4151809532e+02
4.3916308461e+02 1.4222045374e+02
4.4142663571e+02 1.4291550739e+02
4.4369286692e+02 1.4360352667e+02
4.4596174125e+02 1.4428477308e+02
4.4823322298e+02 1.4495949952e+02
4.5050727761e+02 1.4562795042e+02
4.5278387184e+02 1.4629036197e+02
4.5506297348e+02 1.4694696241e+02
4.5734455145e+02 1.4759797224e+02
4.5962857571e+02 1.4824360434e+02
4.6191501725e+02 1.4888406438e+02
4.6420384802e+02 1.4951955090e+02
4.6649504091e+02 1.5015025559e+02
4.6878856971e+02 1.5077636351e+02
4.7108440909e+02 1.5139805328e+02
4.7338253453e+02 1.5201549730e+02
4.7568292234e+02 1.5262886199e+02
4.7798554959e+02 1.5323830798e+02
4.8029039408e+02 1.5384399027e+02
4.8259743434e+02 1.5444605844e+02
4.8490664960e+02 1.5504465687e+02
4.8721801973e+02 1.5563992487e+02
4.8953152524e+02 1.5623199694e+02
4.9184714727e+02 1.5682100283e+02
4.9416486752e+02 1.5740706778e+02
4.9648466829e+02 1.5799031270e+02
4.9880653241e+02 1.5857085424e+02
5.0113044324e+02 1.5914880503e+02
5.0345638464e+02 1.5972427376e+02
5.0578434096e+02 1.6029736538e+02
5.0811429704e+02 1.6086818118e+02
5.1044623814e+02 1.6143681895e+02
5.1278014999e+02 1.6200337311e+02
5.1511601870e+02 1.6256793484e+02
5.1745383082e+02 1.6313059216e+02
5.1979357327e+02 1.6369143008e+02
5.2213523335e+02 1.6425053068e+02
5.2447879873e+02 1.6480797326e+02
5.2682425742e+02 1.6536383440e+02
5.2917159776e+02 1.6591818806e+02
5.3152080844e+02 1.6647110571e+02
5.3387187843e+02 1.6702265638e+02
5.3622479703e+02 1.6757290676e+02
5.3857955381e+02 1.6812192130e+02
5.4093613863e+02 1.6866976230e+02
5.4329454162e+02 1.6921648992e+02
5.4565475318e+02 1.6976216233e+02
5.4801676393e+02 1.7030683575e+02
5.5038056478e+02 1.7085056453e+02
5.5274614684e+02 1.7139340120e+02
5.5511350146e+02 1.7193539656e+02
5.5748262021e+02 1.7247659970e+02
5.5985349486e+02 1.7301705810e+02
5.6222611740e+02 1.7355681770e+02
5.6460048001e+02 1.7409592288e+02
5.6697657506e+02 1.7463441661e+02
5.6935439510e+02 1.7517234041e+02
5.7173393287e+02 1.7570973447e+02
5.7411518128e+02 1.7624663766e+02
5.7649813339e+02 1.7678308757e+02
5.7888278244e+02 1.7731912061e+02
5.8126912181e+02 1.7785477196e+02
5.8365714505e+02 1.7839007568e+02
5.8604684584e+02 1.7892506477e+02
5.8843821800e+02 1.7945977112e+02
5.9083125550e+02 1.7999422559e+02
5.9322595242e+02 1.8052845807e+02
5.9562230300e+02 1.8106249751e+02
5.9802030157e+02 1.8159637190e+02
6.0041994259e+02 1.8213010835e+02
6.0282122065e+02 1.8266373312e+02
6.0522413045e+02 1.8319727160e+02
6.0762866677e+02 1.8373074842e+02
6.1003482452e+02 1.8426418740e+02
6.1244259871e+02 1.8479761159e+02
6.1485198446e+02 1.8533104337e+02
6.1726297695e+02 1.8586450435e+02
6.1967557149e+02 1.8639801549e+02
6.2208976346e+02 1.8693159710e+02
6.2450554832e+02 1.8746526883e+02
6.2692292165e+02 1.8799904971e+02
6.2934187906e+02 1.8853295819e+02
6.3176241629e+02 1.8906701216e+02
6.3418452913e+02 1.8960122890e+02
6.3660821345e+02 1.9013562519e+02
6.3903346518e+02 1.9067021726e+02
6.4146028035e+02 1.9120502085e+02
6.4388865503e+02 1.9174005121e+02
6.4631858537e+02 1.9227532311e+02
6.4875006759e+02 1.9281085084e+02
6.5118309795e+02 1.9334664831e+02
6.5361767280e+02 1.9388272891e+02
6.5605378852e+02 1.9441910566e+02
6.5849144157e+02 1.9495579118e+02
6.6093062846e+02 1.9549279767e+02
6.6337134574e+02 1.9603013700e+02
6.6581359004e+02 1.9656782060e+02
6.6825735802e+02 1.9710585961e+02
6.7070264639e+02 1.9764426478e+02
6.7314945192e+02 1.9818304653e+02
6.7559777141e+02 1.9872221501e+02
6.7804760173e+02 1.9926177997e+02
6.8049893978e+02 1.9980175089e+02
6.8295178249e+02 2.0034213700e+02
6.8540612686e+02 2.0088294718e+02
6.8786196991e+02 2.0142419003e+02
6.9031930871e+02 2.0196587394e+02
6.9277814036e+02 2.0250800698e+02
6.9523846202e+02 2.0305059700e+02
6.9770027085e+02 2.0359365158e+02
7.0016356407e+02 2.0413717809e+02
7.0262833895e+02 2.0468118363e+02
7.0509459275e+02 2.0522567508e+02
7.0756232280e+02 2.0577065917e+02
7.1003152646e+02 2.0631614232e+02
7.1250220109e+02 2.0686213080e+02
7.1497434412e+02 2.0740863068e+02
7.1744795298e+02 2.0795564782e+02
7.1992302516e+02 2.0850318788e+02
7.2239955814e+02 2.0905125640e+02
7.2487754945e+02 2.0959985864e+02
7.2735699665e+02 2.1014899976e+02
7.2983789733e+02 2.1069868476e+02
7.3232024908e+02 2.1124891844e+02
7.3480404954e+02 2.1179970547e+02
7.3728929636e+02 2.1235105034e+02
7.3977598723e+02 2.1290295740e+02
7.4226411984e+02 2.1345543089e+02
7.4475369193e+02 2.1400847486e+02
7.4724470123e+02 2.1456209324e+02
7.4973714553e+02 2.1511628984e+02
7.5223102261e+02 2.1567106833e+02
7.5472633028e+02 2.1622643227e+02
7.5722306638e+02 2.1678238507e+02
7.5972122876e+02 2.1733893003e+02
7.6222081528e+02 2.1789607037e+02
7.6472182384e+02 2.1845380917e+02
7.6722425234e+02 2.1901214937e+02
7.6972809872e+02 2.1957109388e+02
7.7223336091e+02 2.2013064544e+02
7.7474003688e+02 2.2069080671e+02
7.7724812461e+02 2.2125158029e+02
7.7975762208e+02 2.2181296862e+02
7.8226852732e+02 2.2237497411e+02
7.8478083834e+02 2.2293759904e+02
7.8729455318e+02 2.2350084562e+02
7.8980966992e+02 2.2406471598e+02
7.9232618661e+02 2.2462921216e+02
7.9484410134e+02 2.2519433611e+02
7.9736341222e+02 2.2576008973e+02
7.9988411735e+02 2.2632647481e+02
8.0240621487e+02 2.2689349311e+02
8.0492970292e+02 2.2746114630e+02
8.0745457965e+02 2.2802943594e+02
8.0998084323e+02 2.2859836361e+02
8.1250849184e+02 2.2916793073e+02
8.1503752367e+02 2.2973813870e+02
8.1756793693e+02 2.3030898888e+02
8.2009972982e+02 2.3088048254e+02
8.2263290059e+02 2.3145262090e+02
8.2516744746e+02 2.3202540511e+02
8.2770336869e+02 2.3259883629e+02
8.3024066254e+02 2.3317291550e+02
8.3277932728e+02 2.3374764370e+02
8.3531936120e+02 2.3432302188e+02
8.3786076258e+02 2.3489905093e+02
8.4040352973e+02 2.3547573168e+02
8.4294766096e+02 2.3605306494e+02
8.4549315459e+02 2.3663105150e+02
8.4804000897e+02 2.3720969204e+02
8.5058822242e+02 2.3778898722e+02
8.5313779330e+02 2.3836893768e+02
8.5568871997e+02 2.3894954403e+02
8.5824100080e+02 2.3953080677e+02
8.6079463417e+02 2.4011272645e+02
8.6334961846e+02 2.4069530352e+02
8.6590595207e+02 2.4127853840e+02
8.6846363341e+02 2.4186243150e+02
8.7102266087e+02 2.4244698319e+02
8.7358303289e+02 2.4303219380e+02
8.7614474790e+02 2.4361806362e+02
8.7870780432e+02 2.4420459289e+02
8.8127220060e+02 2.4479178183e+02
8.8383793519e+02 2.4537963070e+02
8.8640500655e+02 2.4596813967e+02
8.8897341315e+02 2.4655730881e+02
8.9154315345e+02 2.4714713828e+02
8.9411422595e+02 2.4773762815e+02
8.9668662912e+02 2.4832877852e+02
8.9926036146e+02 2.4892058942e+02
9.0183542147e+02 2.4951306080e+02
9.0441180765e+02 2.5010619269e+02
9.0698951853e+02 2.5069998505e+02
9.0956855263e+02 2.5129443784e+02
9.1214890846e+02 2.5188955092e+02
9.1473058456e+02 2.5248532420e+02
9.1731357948e+02 2.5308175760e+02
9.1989789176e+02 2.5367885093e+02
9.2248351994e+02 2.5427660402e+02
9.2507046260e+02 2.5487501668e+02
9.2765871828e+02 2.5547408871e+02
9.3024828557e+02 2.5607381993e+02
9.3283916303e+02 2.5667421004e+02
9.3543134925e+02 2.5727525874e+02
9.3802484281e+02 2.5787696587e+02
9.4061964230e+02 2.5847933104e+02
9.4321574633e+02 2.5908235397e+02
9.4581315350e+02 2.5968603435e+02
9.4841186240e+02 2.6029037182e+02
9.5101187167e+02 2.6089536602e+02
9.5361317991e+02 2.6150101655e+02
9.5621578574e+02 2.6210732310e+02
9.5881968781e+02 2.6271428519e+02
9.6142488473e+02 2.6332190245e+02
9.6403137516e+02 2.6393017450e+02
9.6663915772e+02 2.6453910081e+02
9.6924823108e+02 2.6514868097e+02
9.7185859388e+02 2.6575891455e+02
9.7447024479e+02 2.6636980103e+02
9.7708318245e+02 2.6698133995e+02
9.7969740555e+02 2.6759353082e+02
9.8231291275e+02 2.6820637310e+02
9.8492970272e+02 2.6881986633e+02
9.8754777416e+02 2.6943400996e+02
9.9016712573e+02 2.7004880342e+02
9.9278775614e+02 2.7066424619e+02
9.9540966408e+02 2.7128033774e+02
9.9803284824e+02 2.7189707751e+02
1.0006573073e+03 2.7251446489e+02
1.0032830400e+03 2.7313249930e+02
1.0059100451e+03 2.7375118020e+02
1.0085383212e+03 2.7437050697e+02
1.0111678671e+03 2.7499047898e+02
1.0137986815e+03 2.7561109569e+02
1.0164307631e+03 2.7623235640e+02
1.0190641106e+03 2.7685426053e+02
1.0216987228e+03 2.7747680748e+02
1.0243345985e+03 2.7809999654e+02
1.0269717363e+03 2.7872382714e+02
1.0296101351e+03 2.7934829861e+02
1.0322497935e+03 2.7997341027e+02
1.0348907103e+03 2.8059916146e+02
1.0375328843e+03 2.8122586085e+02
